##TITLE= 
##JCAMP-DX= 5.00 Bruker JCAMP library
##DATA TYPE= Shape Data
##ORIGIN= Bruker BioSpin GmbH
##OWNER= <BRUKER>
##DATE= 2006/02/20
##TIME= 14:46:47
##$SHAPE_PARAMETERS= Type: Ramp ; Start Amplitude 70.0 ; End Amplitude 100.0
##MINX= 7.000000E01
##MAXX= 1.000000E02
##MINY= 0.000000E00
##MAXY= 0.000000E00
##$SHAPE_EXMODE= Excitation
##$SHAPE_TOTROT= 9.000000E01
##$SHAPE_TYPE= Excitation
##$SHAPE_USER_DEF= 
##$SHAPE_REPHFAC= 
##$SHAPE_BWFAC= 1.126000E00
##$SHAPE_BWFAC50= 
##$SHAPE_INTEGFAC= 8.500000E-01
##$SHAPE_MODE= 0
##NPOINTS= 100
##XYPOINTS= (XY..XY)
7.000000E01, 0.000000E00
7.030303E01, 0.000000E00
7.060606E01, 0.000000E00
7.090909E01, 0.000000E00
7.121212E01, 0.000000E00
7.151515E01, 0.000000E00
7.181818E01, 0.000000E00
7.212121E01, 0.000000E00
7.242424E01, 0.000000E00
7.272727E01, 0.000000E00
7.303030E01, 0.000000E00
7.333333E01, 0.000000E00
7.363636E01, 0.000000E00
7.393939E01, 0.000000E00
7.424242E01, 0.000000E00
7.454545E01, 0.000000E00
7.484848E01, 0.000000E00
7.515152E01, 0.000000E00
7.545455E01, 0.000000E00
7.575758E01, 0.000000E00
7.606061E01, 0.000000E00
7.636364E01, 0.000000E00
7.666667E01, 0.000000E00
7.696970E01, 0.000000E00
7.727273E01, 0.000000E00
7.757576E01, 0.000000E00
7.787879E01, 0.000000E00
7.818182E01, 0.000000E00
7.848485E01, 0.000000E00
7.878788E01, 0.000000E00
7.909091E01, 0.000000E00
7.939394E01, 0.000000E00
7.969697E01, 0.000000E00
8.000000E01, 0.000000E00
8.030303E01, 0.000000E00
8.060606E01, 0.000000E00
8.090909E01, 0.000000E00
8.121212E01, 0.000000E00
8.151515E01, 0.000000E00
8.181818E01, 0.000000E00
8.212121E01, 0.000000E00
8.242424E01, 0.000000E00
8.272727E01, 0.000000E00
8.303030E01, 0.000000E00
8.333333E01, 0.000000E00
8.363636E01, 0.000000E00
8.393939E01, 0.000000E00
8.424242E01, 0.000000E00
8.454545E01, 0.000000E00
8.484848E01, 0.000000E00
8.515152E01, 0.000000E00
8.545455E01, 0.000000E00
8.575758E01, 0.000000E00
8.606061E01, 0.000000E00
8.636364E01, 0.000000E00
8.666667E01, 0.000000E00
8.696970E01, 0.000000E00
8.727273E01, 0.000000E00
8.757576E01, 0.000000E00
8.787879E01, 0.000000E00
8.818182E01, 0.000000E00
8.848485E01, 0.000000E00
8.878788E01, 0.000000E00
8.909091E01, 0.000000E00
8.939394E01, 0.000000E00
8.969697E01, 0.000000E00
9.000000E01, 0.000000E00
9.030303E01, 0.000000E00
9.060606E01, 0.000000E00
9.090909E01, 0.000000E00
9.121212E01, 0.000000E00
9.151515E01, 0.000000E00
9.181818E01, 0.000000E00
9.212121E01, 0.000000E00
9.242424E01, 0.000000E00
9.272727E01, 0.000000E00
9.303030E01, 0.000000E00
9.333333E01, 0.000000E00
9.363636E01, 0.000000E00
9.393939E01, 0.000000E00
9.424242E01, 0.000000E00
9.454545E01, 0.000000E00
9.484848E01, 0.000000E00
9.515152E01, 0.000000E00
9.545455E01, 0.000000E00
9.575758E01, 0.000000E00
9.606061E01, 0.000000E00
9.636364E01, 0.000000E00
9.666667E01, 0.000000E00
9.696970E01, 0.000000E00
9.727273E01, 0.000000E00
9.757576E01, 0.000000E00
9.787879E01, 0.000000E00
9.818182E01, 0.000000E00
9.848485E01, 0.000000E00
9.878788E01, 0.000000E00
9.909091E01, 0.000000E00
9.939394E01, 0.000000E00
9.969697E01, 0.000000E00
1.000000E02, 0.000000E00
##END
