##TITLE= Parameter file, TopSpin 4.1.1
##JCAMPDX= 5.0
##DATATYPE= Parameter Values
##ORIGIN= Bruker BioSpin GmbH
##OWNER= gan
$$ 2021-10-15 09:50:21.783 -0400  gan@600wb1.magnet.fsu.edu
$$ /opt/topspin4.1.1/exp/stan/nmr/lists/wave/user/wursti
$$ process /opt/topspin4.1.1/prog/mod/xwinshape
##MINX= 0.00000000
##MAXX= 100.00000000
##MINY= 0.00011200
##MAXY= 359.25401200
##$SHAPE_ADDPHASE= 0
##$SHAPE_AMP= 100
##$SHAPE_BWFAC= 3.716
##$SHAPE_BWFAC50= 0
##$SHAPE_CALCBW= yes
##$SHAPE_CALCINTEG= yes
##$SHAPE_EXMODE= <Adiabatic>
##$SHAPE_EXPAND= <>
##$SHAPE_EXPANDCF= (0..143)
0 0 0 0 0 0 0 0 0 0 0 0 0 0 0 0 0 0 0 0 0 0 0 0 0 0 0 0 0 0 0 0 0 0 0 0
0 0 0 0 0 0 0 0 0 0 0 0 0 0 0 0 0 0 0 0 0 0 0 0 0 0 0 0 0 0 0 0 0 0 0 0
0 0 0 0 0 0 0 0 0 0 0 0 0 0 0 0 0 0 0 0 0 0 0 0 0 0 0 0 0 0 0 0 0 0 0 0
0 0 0 0 0 0 0 0 0 0 0 0 0 0 0 0 0 0 0 0 0 0 0 0 0 0 0 0 0 0 0 0 0 0 0 0
##$SHAPE_EXPFAC= 0
##$SHAPE_FRACEND= 0
##$SHAPE_FRACORG= 0
##$SHAPE_FRACSTART= 0
##$SHAPE_INTEGFAC= 0.177245385090552
##$SHAPE_KEEPRES= yes
##$SHAPE_LENGTH= 1000
##$SHAPE_MAN= <>
##$SHAPE_MODE= 0
##$SHAPE_MODFREQ= 0
##$SHAPE_MODPHASE= 0
##$SHAPE_MODSCALE= 0
##$SHAPE_MODSW= 0
##$SHAPE_MODSWDIR= -1
##$SHAPE_NPOINTS= 2000
##$SHAPE_OFFS= <>
##$SHAPE_OFFSCOEFF= (0..95)
0 0 0 0 0 0 0 0 0 0 0 0 0 0 0 0 0 0 0 0 0 0 0 0 0 0 0 0 0 0 0 0 0 0 0 0
0 0 0 0 0 0 0 0 0 0 0 0 0 0 0 0 0 0 0 0 0 0 0 0 0 0 0 0 0 0 0 0 0 0 0 0
0 0 0 0 0 0 0 0 0 0 0 0 0 0 0 0 0 0 0 0 0 0 0 0
##$SHAPE_PARAMETER= <>
##$SHAPE_REPHFAC= 0
##$SHAPE_RES= 0
##$SHAPE_SCALEFAC= 1
##$SHAPE_SCALETYPE= 0
##$SHAPE_SPOAL= 0
##$SHAPE_SPOFFS= 0
##$SHAPE_SPOPH= 0
##$SHAPE_TOTROT= 180
##$SHAPE_TYPE= <Inversion>
##$SHAPE_USER_DEF= 0
##$SHAPE_VERSION= 2.1
##$SHL_ADDPHASE= (0..15)
0 0 0 0 0 0 0 0 0 0 0 0 0 0 0 0
##$SHL_ALIGNOFFSET= (0..15)
0 0 0 0 0 0 0 0 0 0 0 0 0 0 0 0
##$SHL_AMP= (0..15)
100 0 0 0 0 0 0 0 0 0 0 0 0 0 0 0
##$SHL_AMPFAC= (0..15)
0 0 0 0 0 0 0 0 0 0 0 0 0 0 0 0
##$SHL_BETA= (0..15)
0 0 0 0 0 0 0 0 0 0 0 0 0 0 0 0
##$SHL_BWFAC= (0..15)
3.716 0 0 0 0 0 0 0 0 0 0 0 0 0 0 0
##$SHL_CALCBW= (0..15)
yes yes yes yes yes yes yes yes yes yes yes yes yes yes yes yes
##$SHL_CALCINTEG= (0..15)
yes yes yes yes yes yes yes yes yes yes yes yes yes yes yes yes
##$SHL_CENTERAMP= (0..15)
0 0 0 0 0 0 0 0 0 0 0 0 0 0 0 0
##$SHL_CYCNUM= (0..15)
0 0 0 0 0 0 0 0 0 0 0 0 0 0 0 0
##$SHL_DIPOLCPL= (0..15)
0 0 0 0 0 0 0 0 0 0 0 0 0 0 0 0
##$SHL_ENDAMP= (0..15)
0 0 0 0 0 0 0 0 0 0 0 0 0 0 0 0
##$SHL_EXMODE= (0..15)
<Adiabatic> <> <> <> <> <> <> <> <> <> <> <> <> <> <> <>
##$SHL_EXPAND= (0..15)
<> <> <> <> <> <> <> <> <> <> <> <> <> <> <> <>
##$SHL_EXPANDCF0= (0..143)
0 0 0 0 0 0 0 0 0 0 0 0 0 0 0 0 0 0 0 0 0 0 0 0 0 0 0 0 0 0 0 0 0 0 0 0
0 0 0 0 0 0 0 0 0 0 0 0 0 0 0 0 0 0 0 0 0 0 0 0 0 0 0 0 0 0 0 0 0 0 0 0
0 0 0 0 0 0 0 0 0 0 0 0 0 0 0 0 0 0 0 0 0 0 0 0 0 0 0 0 0 0 0 0 0 0 0 0
0 0 0 0 0 0 0 0 0 0 0 0 0 0 0 0 0 0 0 0 0 0 0 0 0 0 0 0 0 0 0 0 0 0 0 0
##$SHL_EXPANDCF1= (0..143)
0 0 0 0 0 0 0 0 0 0 0 0 0 0 0 0 0 0 0 0 0 0 0 0 0 0 0 0 0 0 0 0 0 0 0 0
0 0 0 0 0 0 0 0 0 0 0 0 0 0 0 0 0 0 0 0 0 0 0 0 0 0 0 0 0 0 0 0 0 0 0 0
0 0 0 0 0 0 0 0 0 0 0 0 0 0 0 0 0 0 0 0 0 0 0 0 0 0 0 0 0 0 0 0 0 0 0 0
0 0 0 0 0 0 0 0 0 0 0 0 0 0 0 0 0 0 0 0 0 0 0 0 0 0 0 0 0 0 0 0 0 0 0 0
##$SHL_EXPANDCF10= (0..143)
0 0 0 0 0 0 0 0 0 0 0 0 0 0 0 0 0 0 0 0 0 0 0 0 0 0 0 0 0 0 0 0 0 0 0 0
0 0 0 0 0 0 0 0 0 0 0 0 0 0 0 0 0 0 0 0 0 0 0 0 0 0 0 0 0 0 0 0 0 0 0 0
0 0 0 0 0 0 0 0 0 0 0 0 0 0 0 0 0 0 0 0 0 0 0 0 0 0 0 0 0 0 0 0 0 0 0 0
0 0 0 0 0 0 0 0 0 0 0 0 0 0 0 0 0 0 0 0 0 0 0 0 0 0 0 0 0 0 0 0 0 0 0 0
##$SHL_EXPANDCF11= (0..143)
0 0 0 0 0 0 0 0 0 0 0 0 0 0 0 0 0 0 0 0 0 0 0 0 0 0 0 0 0 0 0 0 0 0 0 0
0 0 0 0 0 0 0 0 0 0 0 0 0 0 0 0 0 0 0 0 0 0 0 0 0 0 0 0 0 0 0 0 0 0 0 0
0 0 0 0 0 0 0 0 0 0 0 0 0 0 0 0 0 0 0 0 0 0 0 0 0 0 0 0 0 0 0 0 0 0 0 0
0 0 0 0 0 0 0 0 0 0 0 0 0 0 0 0 0 0 0 0 0 0 0 0 0 0 0 0 0 0 0 0 0 0 0 0
##$SHL_EXPANDCF12= (0..143)
0 0 0 0 0 0 0 0 0 0 0 0 0 0 0 0 0 0 0 0 0 0 0 0 0 0 0 0 0 0 0 0 0 0 0 0
0 0 0 0 0 0 0 0 0 0 0 0 0 0 0 0 0 0 0 0 0 0 0 0 0 0 0 0 0 0 0 0 0 0 0 0
0 0 0 0 0 0 0 0 0 0 0 0 0 0 0 0 0 0 0 0 0 0 0 0 0 0 0 0 0 0 0 0 0 0 0 0
0 0 0 0 0 0 0 0 0 0 0 0 0 0 0 0 0 0 0 0 0 0 0 0 0 0 0 0 0 0 0 0 0 0 0 0
##$SHL_EXPANDCF13= (0..143)
0 0 0 0 0 0 0 0 0 0 0 0 0 0 0 0 0 0 0 0 0 0 0 0 0 0 0 0 0 0 0 0 0 0 0 0
0 0 0 0 0 0 0 0 0 0 0 0 0 0 0 0 0 0 0 0 0 0 0 0 0 0 0 0 0 0 0 0 0 0 0 0
0 0 0 0 0 0 0 0 0 0 0 0 0 0 0 0 0 0 0 0 0 0 0 0 0 0 0 0 0 0 0 0 0 0 0 0
0 0 0 0 0 0 0 0 0 0 0 0 0 0 0 0 0 0 0 0 0 0 0 0 0 0 0 0 0 0 0 0 0 0 0 0
##$SHL_EXPANDCF14= (0..143)
0 0 0 0 0 0 0 0 0 0 0 0 0 0 0 0 0 0 0 0 0 0 0 0 0 0 0 0 0 0 0 0 0 0 0 0
0 0 0 0 0 0 0 0 0 0 0 0 0 0 0 0 0 0 0 0 0 0 0 0 0 0 0 0 0 0 0 0 0 0 0 0
0 0 0 0 0 0 0 0 0 0 0 0 0 0 0 0 0 0 0 0 0 0 0 0 0 0 0 0 0 0 0 0 0 0 0 0
0 0 0 0 0 0 0 0 0 0 0 0 0 0 0 0 0 0 0 0 0 0 0 0 0 0 0 0 0 0 0 0 0 0 0 0
##$SHL_EXPANDCF15= (0..143)
0 0 0 0 0 0 0 0 0 0 0 0 0 0 0 0 0 0 0 0 0 0 0 0 0 0 0 0 0 0 0 0 0 0 0 0
0 0 0 0 0 0 0 0 0 0 0 0 0 0 0 0 0 0 0 0 0 0 0 0 0 0 0 0 0 0 0 0 0 0 0 0
0 0 0 0 0 0 0 0 0 0 0 0 0 0 0 0 0 0 0 0 0 0 0 0 0 0 0 0 0 0 0 0 0 0 0 0
0 0 0 0 0 0 0 0 0 0 0 0 0 0 0 0 0 0 0 0 0 0 0 0 0 0 0 0 0 0 0 0 0 0 0 0
##$SHL_EXPANDCF2= (0..143)
0 0 0 0 0 0 0 0 0 0 0 0 0 0 0 0 0 0 0 0 0 0 0 0 0 0 0 0 0 0 0 0 0 0 0 0
0 0 0 0 0 0 0 0 0 0 0 0 0 0 0 0 0 0 0 0 0 0 0 0 0 0 0 0 0 0 0 0 0 0 0 0
0 0 0 0 0 0 0 0 0 0 0 0 0 0 0 0 0 0 0 0 0 0 0 0 0 0 0 0 0 0 0 0 0 0 0 0
0 0 0 0 0 0 0 0 0 0 0 0 0 0 0 0 0 0 0 0 0 0 0 0 0 0 0 0 0 0 0 0 0 0 0 0
##$SHL_EXPANDCF3= (0..143)
0 0 0 0 0 0 0 0 0 0 0 0 0 0 0 0 0 0 0 0 0 0 0 0 0 0 0 0 0 0 0 0 0 0 0 0
0 0 0 0 0 0 0 0 0 0 0 0 0 0 0 0 0 0 0 0 0 0 0 0 0 0 0 0 0 0 0 0 0 0 0 0
0 0 0 0 0 0 0 0 0 0 0 0 0 0 0 0 0 0 0 0 0 0 0 0 0 0 0 0 0 0 0 0 0 0 0 0
0 0 0 0 0 0 0 0 0 0 0 0 0 0 0 0 0 0 0 0 0 0 0 0 0 0 0 0 0 0 0 0 0 0 0 0
##$SHL_EXPANDCF4= (0..143)
0 0 0 0 0 0 0 0 0 0 0 0 0 0 0 0 0 0 0 0 0 0 0 0 0 0 0 0 0 0 0 0 0 0 0 0
0 0 0 0 0 0 0 0 0 0 0 0 0 0 0 0 0 0 0 0 0 0 0 0 0 0 0 0 0 0 0 0 0 0 0 0
0 0 0 0 0 0 0 0 0 0 0 0 0 0 0 0 0 0 0 0 0 0 0 0 0 0 0 0 0 0 0 0 0 0 0 0
0 0 0 0 0 0 0 0 0 0 0 0 0 0 0 0 0 0 0 0 0 0 0 0 0 0 0 0 0 0 0 0 0 0 0 0
##$SHL_EXPANDCF5= (0..143)
0 0 0 0 0 0 0 0 0 0 0 0 0 0 0 0 0 0 0 0 0 0 0 0 0 0 0 0 0 0 0 0 0 0 0 0
0 0 0 0 0 0 0 0 0 0 0 0 0 0 0 0 0 0 0 0 0 0 0 0 0 0 0 0 0 0 0 0 0 0 0 0
0 0 0 0 0 0 0 0 0 0 0 0 0 0 0 0 0 0 0 0 0 0 0 0 0 0 0 0 0 0 0 0 0 0 0 0
0 0 0 0 0 0 0 0 0 0 0 0 0 0 0 0 0 0 0 0 0 0 0 0 0 0 0 0 0 0 0 0 0 0 0 0
##$SHL_EXPANDCF6= (0..143)
0 0 0 0 0 0 0 0 0 0 0 0 0 0 0 0 0 0 0 0 0 0 0 0 0 0 0 0 0 0 0 0 0 0 0 0
0 0 0 0 0 0 0 0 0 0 0 0 0 0 0 0 0 0 0 0 0 0 0 0 0 0 0 0 0 0 0 0 0 0 0 0
0 0 0 0 0 0 0 0 0 0 0 0 0 0 0 0 0 0 0 0 0 0 0 0 0 0 0 0 0 0 0 0 0 0 0 0
0 0 0 0 0 0 0 0 0 0 0 0 0 0 0 0 0 0 0 0 0 0 0 0 0 0 0 0 0 0 0 0 0 0 0 0
##$SHL_EXPANDCF7= (0..143)
0 0 0 0 0 0 0 0 0 0 0 0 0 0 0 0 0 0 0 0 0 0 0 0 0 0 0 0 0 0 0 0 0 0 0 0
0 0 0 0 0 0 0 0 0 0 0 0 0 0 0 0 0 0 0 0 0 0 0 0 0 0 0 0 0 0 0 0 0 0 0 0
0 0 0 0 0 0 0 0 0 0 0 0 0 0 0 0 0 0 0 0 0 0 0 0 0 0 0 0 0 0 0 0 0 0 0 0
0 0 0 0 0 0 0 0 0 0 0 0 0 0 0 0 0 0 0 0 0 0 0 0 0 0 0 0 0 0 0 0 0 0 0 0
##$SHL_EXPANDCF8= (0..143)
0 0 0 0 0 0 0 0 0 0 0 0 0 0 0 0 0 0 0 0 0 0 0 0 0 0 0 0 0 0 0 0 0 0 0 0
0 0 0 0 0 0 0 0 0 0 0 0 0 0 0 0 0 0 0 0 0 0 0 0 0 0 0 0 0 0 0 0 0 0 0 0
0 0 0 0 0 0 0 0 0 0 0 0 0 0 0 0 0 0 0 0 0 0 0 0 0 0 0 0 0 0 0 0 0 0 0 0
0 0 0 0 0 0 0 0 0 0 0 0 0 0 0 0 0 0 0 0 0 0 0 0 0 0 0 0 0 0 0 0 0 0 0 0
##$SHL_EXPANDCF9= (0..143)
0 0 0 0 0 0 0 0 0 0 0 0 0 0 0 0 0 0 0 0 0 0 0 0 0 0 0 0 0 0 0 0 0 0 0 0
0 0 0 0 0 0 0 0 0 0 0 0 0 0 0 0 0 0 0 0 0 0 0 0 0 0 0 0 0 0 0 0 0 0 0 0
0 0 0 0 0 0 0 0 0 0 0 0 0 0 0 0 0 0 0 0 0 0 0 0 0 0 0 0 0 0 0 0 0 0 0 0
0 0 0 0 0 0 0 0 0 0 0 0 0 0 0 0 0 0 0 0 0 0 0 0 0 0 0 0 0 0 0 0 0 0 0 0
##$SHL_EXPFAC= (0..15)
0 0 0 0 0 0 0 0 0 0 0 0 0 0 0 0
##$SHL_FRACEND= (0..15)
0 0 0 0 0 0 0 0 0 0 0 0 0 0 0 0
##$SHL_FRACORG= (0..15)
0 0 0 0 0 0 0 0 0 0 0 0 0 0 0 0
##$SHL_FRACSTART= (0..15)
0 0 0 0 0 0 0 0 0 0 0 0 0 0 0 0
##$SHL_FULLHALF= (0..15)
0 0 0 0 0 0 0 0 0 0 0 0 0 0 0 0
##$SHL_FUNCAMP= (0..15)
0 0 0 0 0 0 0 0 0 0 0 0 0 0 0 0
##$SHL_FUNCTION= (0..15)
<Wurst> <> <> <> <> <> <> <> <> <> <> <> <> <> <> <>
##$SHL_GCO= (0..15)
<> <> <> <> <> <> <> <> <> <> <> <> <> <> <> <>
##$SHL_GCOCOEFFS0= (0..59)
0 0 0 0 0 0 0 0 0 0 0 0 0 0 0 0 0 0 0 0 0 0 0 0 0 0 0 0 0 0 0 0 0 0 0 0
0 0 0 0 0 0 0 0 0 0 0 0 0 0 0 0 0 0 0 0 0 0 0 0
##$SHL_GCOCOEFFS1= (0..59)
0 0 0 0 0 0 0 0 0 0 0 0 0 0 0 0 0 0 0 0 0 0 0 0 0 0 0 0 0 0 0 0 0 0 0 0
0 0 0 0 0 0 0 0 0 0 0 0 0 0 0 0 0 0 0 0 0 0 0 0
##$SHL_GCOCOEFFS10= (0..59)
0 0 0 0 0 0 0 0 0 0 0 0 0 0 0 0 0 0 0 0 0 0 0 0 0 0 0 0 0 0 0 0 0 0 0 0
0 0 0 0 0 0 0 0 0 0 0 0 0 0 0 0 0 0 0 0 0 0 0 0
##$SHL_GCOCOEFFS11= (0..59)
0 0 0 0 0 0 0 0 0 0 0 0 0 0 0 0 0 0 0 0 0 0 0 0 0 0 0 0 0 0 0 0 0 0 0 0
0 0 0 0 0 0 0 0 0 0 0 0 0 0 0 0 0 0 0 0 0 0 0 0
##$SHL_GCOCOEFFS12= (0..59)
0 0 0 0 0 0 0 0 0 0 0 0 0 0 0 0 0 0 0 0 0 0 0 0 0 0 0 0 0 0 0 0 0 0 0 0
0 0 0 0 0 0 0 0 0 0 0 0 0 0 0 0 0 0 0 0 0 0 0 0
##$SHL_GCOCOEFFS13= (0..59)
0 0 0 0 0 0 0 0 0 0 0 0 0 0 0 0 0 0 0 0 0 0 0 0 0 0 0 0 0 0 0 0 0 0 0 0
0 0 0 0 0 0 0 0 0 0 0 0 0 0 0 0 0 0 0 0 0 0 0 0
##$SHL_GCOCOEFFS14= (0..59)
0 0 0 0 0 0 0 0 0 0 0 0 0 0 0 0 0 0 0 0 0 0 0 0 0 0 0 0 0 0 0 0 0 0 0 0
0 0 0 0 0 0 0 0 0 0 0 0 0 0 0 0 0 0 0 0 0 0 0 0
##$SHL_GCOCOEFFS15= (0..59)
0 0 0 0 0 0 0 0 0 0 0 0 0 0 0 0 0 0 0 0 0 0 0 0 0 0 0 0 0 0 0 0 0 0 0 0
0 0 0 0 0 0 0 0 0 0 0 0 0 0 0 0 0 0 0 0 0 0 0 0
##$SHL_GCOCOEFFS2= (0..59)
0 0 0 0 0 0 0 0 0 0 0 0 0 0 0 0 0 0 0 0 0 0 0 0 0 0 0 0 0 0 0 0 0 0 0 0
0 0 0 0 0 0 0 0 0 0 0 0 0 0 0 0 0 0 0 0 0 0 0 0
##$SHL_GCOCOEFFS3= (0..59)
0 0 0 0 0 0 0 0 0 0 0 0 0 0 0 0 0 0 0 0 0 0 0 0 0 0 0 0 0 0 0 0 0 0 0 0
0 0 0 0 0 0 0 0 0 0 0 0 0 0 0 0 0 0 0 0 0 0 0 0
##$SHL_GCOCOEFFS4= (0..59)
0 0 0 0 0 0 0 0 0 0 0 0 0 0 0 0 0 0 0 0 0 0 0 0 0 0 0 0 0 0 0 0 0 0 0 0
0 0 0 0 0 0 0 0 0 0 0 0 0 0 0 0 0 0 0 0 0 0 0 0
##$SHL_GCOCOEFFS5= (0..59)
0 0 0 0 0 0 0 0 0 0 0 0 0 0 0 0 0 0 0 0 0 0 0 0 0 0 0 0 0 0 0 0 0 0 0 0
0 0 0 0 0 0 0 0 0 0 0 0 0 0 0 0 0 0 0 0 0 0 0 0
##$SHL_GCOCOEFFS6= (0..59)
0 0 0 0 0 0 0 0 0 0 0 0 0 0 0 0 0 0 0 0 0 0 0 0 0 0 0 0 0 0 0 0 0 0 0 0
0 0 0 0 0 0 0 0 0 0 0 0 0 0 0 0 0 0 0 0 0 0 0 0
##$SHL_GCOCOEFFS7= (0..59)
0 0 0 0 0 0 0 0 0 0 0 0 0 0 0 0 0 0 0 0 0 0 0 0 0 0 0 0 0 0 0 0 0 0 0 0
0 0 0 0 0 0 0 0 0 0 0 0 0 0 0 0 0 0 0 0 0 0 0 0
##$SHL_GCOCOEFFS8= (0..59)
0 0 0 0 0 0 0 0 0 0 0 0 0 0 0 0 0 0 0 0 0 0 0 0 0 0 0 0 0 0 0 0 0 0 0 0
0 0 0 0 0 0 0 0 0 0 0 0 0 0 0 0 0 0 0 0 0 0 0 0
##$SHL_GCOCOEFFS9= (0..59)
0 0 0 0 0 0 0 0 0 0 0 0 0 0 0 0 0 0 0 0 0 0 0 0 0 0 0 0 0 0 0 0 0 0 0 0
0 0 0 0 0 0 0 0 0 0 0 0 0 0 0 0 0 0 0 0 0 0 0 0
##$SHL_INTEGFAC= (0..15)
0.177245385090552 0 0 0 0 0 0 0 0 0 0 0 0 0 0 0
##$SHL_LB= (0..15)
0 0 0 0 0 0 0 0 0 0 0 0 0 0 0 0
##$SHL_LEFTLIMIT= (0..15)
0 0 0 0 0 0 0 0 0 0 0 0 0 0 0 0
##$SHL_LENGTH= (0..15)
1000 0 0 0 0 0 0 0 0 0 0 0 0 0 0 0
##$SHL_MAN= (0..15)
<> <> <> <> <> <> <> <> <> <> <> <> <> <> <> <>
##$SHL_MEANAMP= (0..15)
0 0 0 0 0 0 0 0 0 0 0 0 0 0 0 0
##$SHL_MODAMP= (0..15)
0 0 0 0 0 0 0 0 0 0 0 0 0 0 0 0
##$SHL_MODE= (0..15)
0 0 0 0 0 0 0 0 0 0 0 0 0 0 0 0
##$SHL_MODFREQ= (0..15)
0 0 0 0 0 0 0 0 0 0 0 0 0 0 0 0
##$SHL_MODPHASE= (0..15)
0 0 0 0 0 0 0 0 0 0 0 0 0 0 0 0
##$SHL_MODSCALE= (0..15)
0 0 0 0 0 0 0 0 0 0 0 0 0 0 0 0
##$SHL_MODSW= (0..15)
0 0 0 0 0 0 0 0 0 0 0 0 0 0 0 0
##$SHL_MODSWDIR= (0..15)
-1 -1 -1 -1 -1 -1 -1 -1 -1 -1 -1 -1 -1 -1 -1 -1
##$SHL_MU= (0..15)
0 0 0 0 0 0 0 0 0 0 0 0 0 0 0 0
##$SHL_NPOINTS= (0..15)
2000 0 0 0 0 0 0 0 0 0 0 0 0 0 0 0
##$SHL_OFFS= (0..15)
<> <> <> <> <> <> <> <> <> <> <> <> <> <> <> <>
##$SHL_OFFSCOEFF0= (0..95)
0 0 0 0 0 0 0 0 0 0 0 0 0 0 0 0 0 0 0 0 0 0 0 0 0 0 0 0 0 0 0 0 0 0 0 0
0 0 0 0 0 0 0 0 0 0 0 0 0 0 0 0 0 0 0 0 0 0 0 0 0 0 0 0 0 0 0 0 0 0 0 0
0 0 0 0 0 0 0 0 0 0 0 0 0 0 0 0 0 0 0 0 0 0 0 0
##$SHL_OFFSCOEFF1= (0..95)
0 0 0 0 0 0 0 0 0 0 0 0 0 0 0 0 0 0 0 0 0 0 0 0 0 0 0 0 0 0 0 0 0 0 0 0
0 0 0 0 0 0 0 0 0 0 0 0 0 0 0 0 0 0 0 0 0 0 0 0 0 0 0 0 0 0 0 0 0 0 0 0
0 0 0 0 0 0 0 0 0 0 0 0 0 0 0 0 0 0 0 0 0 0 0 0
##$SHL_OFFSCOEFF10= (0..95)
0 0 0 0 0 0 0 0 0 0 0 0 0 0 0 0 0 0 0 0 0 0 0 0 0 0 0 0 0 0 0 0 0 0 0 0
0 0 0 0 0 0 0 0 0 0 0 0 0 0 0 0 0 0 0 0 0 0 0 0 0 0 0 0 0 0 0 0 0 0 0 0
0 0 0 0 0 0 0 0 0 0 0 0 0 0 0 0 0 0 0 0 0 0 0 0
##$SHL_OFFSCOEFF11= (0..95)
0 0 0 0 0 0 0 0 0 0 0 0 0 0 0 0 0 0 0 0 0 0 0 0 0 0 0 0 0 0 0 0 0 0 0 0
0 0 0 0 0 0 0 0 0 0 0 0 0 0 0 0 0 0 0 0 0 0 0 0 0 0 0 0 0 0 0 0 0 0 0 0
0 0 0 0 0 0 0 0 0 0 0 0 0 0 0 0 0 0 0 0 0 0 0 0
##$SHL_OFFSCOEFF12= (0..95)
0 0 0 0 0 0 0 0 0 0 0 0 0 0 0 0 0 0 0 0 0 0 0 0 0 0 0 0 0 0 0 0 0 0 0 0
0 0 0 0 0 0 0 0 0 0 0 0 0 0 0 0 0 0 0 0 0 0 0 0 0 0 0 0 0 0 0 0 0 0 0 0
0 0 0 0 0 0 0 0 0 0 0 0 0 0 0 0 0 0 0 0 0 0 0 0
##$SHL_OFFSCOEFF13= (0..95)
0 0 0 0 0 0 0 0 0 0 0 0 0 0 0 0 0 0 0 0 0 0 0 0 0 0 0 0 0 0 0 0 0 0 0 0
0 0 0 0 0 0 0 0 0 0 0 0 0 0 0 0 0 0 0 0 0 0 0 0 0 0 0 0 0 0 0 0 0 0 0 0
0 0 0 0 0 0 0 0 0 0 0 0 0 0 0 0 0 0 0 0 0 0 0 0
##$SHL_OFFSCOEFF14= (0..95)
0 0 0 0 0 0 0 0 0 0 0 0 0 0 0 0 0 0 0 0 0 0 0 0 0 0 0 0 0 0 0 0 0 0 0 0
0 0 0 0 0 0 0 0 0 0 0 0 0 0 0 0 0 0 0 0 0 0 0 0 0 0 0 0 0 0 0 0 0 0 0 0
0 0 0 0 0 0 0 0 0 0 0 0 0 0 0 0 0 0 0 0 0 0 0 0
##$SHL_OFFSCOEFF15= (0..95)
0 0 0 0 0 0 0 0 0 0 0 0 0 0 0 0 0 0 0 0 0 0 0 0 0 0 0 0 0 0 0 0 0 0 0 0
0 0 0 0 0 0 0 0 0 0 0 0 0 0 0 0 0 0 0 0 0 0 0 0 0 0 0 0 0 0 0 0 0 0 0 0
0 0 0 0 0 0 0 0 0 0 0 0 0 0 0 0 0 0 0 0 0 0 0 0
##$SHL_OFFSCOEFF2= (0..95)
0 0 0 0 0 0 0 0 0 0 0 0 0 0 0 0 0 0 0 0 0 0 0 0 0 0 0 0 0 0 0 0 0 0 0 0
0 0 0 0 0 0 0 0 0 0 0 0 0 0 0 0 0 0 0 0 0 0 0 0 0 0 0 0 0 0 0 0 0 0 0 0
0 0 0 0 0 0 0 0 0 0 0 0 0 0 0 0 0 0 0 0 0 0 0 0
##$SHL_OFFSCOEFF3= (0..95)
0 0 0 0 0 0 0 0 0 0 0 0 0 0 0 0 0 0 0 0 0 0 0 0 0 0 0 0 0 0 0 0 0 0 0 0
0 0 0 0 0 0 0 0 0 0 0 0 0 0 0 0 0 0 0 0 0 0 0 0 0 0 0 0 0 0 0 0 0 0 0 0
0 0 0 0 0 0 0 0 0 0 0 0 0 0 0 0 0 0 0 0 0 0 0 0
##$SHL_OFFSCOEFF4= (0..95)
0 0 0 0 0 0 0 0 0 0 0 0 0 0 0 0 0 0 0 0 0 0 0 0 0 0 0 0 0 0 0 0 0 0 0 0
0 0 0 0 0 0 0 0 0 0 0 0 0 0 0 0 0 0 0 0 0 0 0 0 0 0 0 0 0 0 0 0 0 0 0 0
0 0 0 0 0 0 0 0 0 0 0 0 0 0 0 0 0 0 0 0 0 0 0 0
##$SHL_OFFSCOEFF5= (0..95)
0 0 0 0 0 0 0 0 0 0 0 0 0 0 0 0 0 0 0 0 0 0 0 0 0 0 0 0 0 0 0 0 0 0 0 0
0 0 0 0 0 0 0 0 0 0 0 0 0 0 0 0 0 0 0 0 0 0 0 0 0 0 0 0 0 0 0 0 0 0 0 0
0 0 0 0 0 0 0 0 0 0 0 0 0 0 0 0 0 0 0 0 0 0 0 0
##$SHL_OFFSCOEFF6= (0..95)
0 0 0 0 0 0 0 0 0 0 0 0 0 0 0 0 0 0 0 0 0 0 0 0 0 0 0 0 0 0 0 0 0 0 0 0
0 0 0 0 0 0 0 0 0 0 0 0 0 0 0 0 0 0 0 0 0 0 0 0 0 0 0 0 0 0 0 0 0 0 0 0
0 0 0 0 0 0 0 0 0 0 0 0 0 0 0 0 0 0 0 0 0 0 0 0
##$SHL_OFFSCOEFF7= (0..95)
0 0 0 0 0 0 0 0 0 0 0 0 0 0 0 0 0 0 0 0 0 0 0 0 0 0 0 0 0 0 0 0 0 0 0 0
0 0 0 0 0 0 0 0 0 0 0 0 0 0 0 0 0 0 0 0 0 0 0 0 0 0 0 0 0 0 0 0 0 0 0 0
0 0 0 0 0 0 0 0 0 0 0 0 0 0 0 0 0 0 0 0 0 0 0 0
##$SHL_OFFSCOEFF8= (0..95)
0 0 0 0 0 0 0 0 0 0 0 0 0 0 0 0 0 0 0 0 0 0 0 0 0 0 0 0 0 0 0 0 0 0 0 0
0 0 0 0 0 0 0 0 0 0 0 0 0 0 0 0 0 0 0 0 0 0 0 0 0 0 0 0 0 0 0 0 0 0 0 0
0 0 0 0 0 0 0 0 0 0 0 0 0 0 0 0 0 0 0 0 0 0 0 0
##$SHL_OFFSCOEFF9= (0..95)
0 0 0 0 0 0 0 0 0 0 0 0 0 0 0 0 0 0 0 0 0 0 0 0 0 0 0 0 0 0 0 0 0 0 0 0
0 0 0 0 0 0 0 0 0 0 0 0 0 0 0 0 0 0 0 0 0 0 0 0 0 0 0 0 0 0 0 0 0 0 0 0
0 0 0 0 0 0 0 0 0 0 0 0 0 0 0 0 0 0 0 0 0 0 0 0
##$SHL_PHASE= (0..15)
0 0 0 0 0 0 0 0 0 0 0 0 0 0 0 0
##$SHL_PHASEFAC= (0..15)
0 0 0 0 0 0 0 0 0 0 0 0 0 0 0 0
##$SHL_POWERINDEX= (0..15)
80 0 0 0 0 0 0 0 0 0 0 0 0 0 0 0
##$SHL_QUADCOEFF= (0..15)
0 0 0 0 0 0 0 0 0 0 0 0 0 0 0 0
##$SHL_RIGHTLIMIT= (0..15)
0 0 0 0 0 0 0 0 0 0 0 0 0 0 0 0
##$SHL_SCALEFACTOR= (0..15)
1 1 1 1 1 1 1 1 1 1 1 1 1 1 1 1
##$SHL_SF= (0..15)
<> <> <> <> <> <> <> <> <> <> <> <> <> <> <> <>
##$SHL_SFCOEFFS0= (0..200)
0 0 0 0 0 0 0 0 0 0 0 0 0 0 0 0 0 0 0 0 0 0 0 0 0 0 0 0 0 0 0 0 0 0 0 0
0 0 0 0 0 0 0 0 0 0 0 0 0 0 0 0 0 0 0 0 0 0 0 0 0 0 0 0 0 0 0 0 0 0 0 0
0 0 0 0 0 0 0 0 0 0 0 0 0 0 0 0 0 0 0 0 0 0 0 0 0 0 0 0 0 0 0 0 0 0 0 0
0 0 0 0 0 0 0 0 0 0 0 0 0 0 0 0 0 0 0 0 0 0 0 0 0 0 0 0 0 0 0 0 0 0 0 0
0 0 0 0 0 0 0 0 0 0 0 0 0 0 0 0 0 0 0 0 0 0 0 0 0 0 0 0 0 0 0 0 0 0 0 0
0 0 0 0 0 0 0 0 0 0 0 0 0 0 0 0 0 0 0 0 0
##$SHL_SFCOEFFS1= (0..200)
0 0 0 0 0 0 0 0 0 0 0 0 0 0 0 0 0 0 0 0 0 0 0 0 0 0 0 0 0 0 0 0 0 0 0 0
0 0 0 0 0 0 0 0 0 0 0 0 0 0 0 0 0 0 0 0 0 0 0 0 0 0 0 0 0 0 0 0 0 0 0 0
0 0 0 0 0 0 0 0 0 0 0 0 0 0 0 0 0 0 0 0 0 0 0 0 0 0 0 0 0 0 0 0 0 0 0 0
0 0 0 0 0 0 0 0 0 0 0 0 0 0 0 0 0 0 0 0 0 0 0 0 0 0 0 0 0 0 0 0 0 0 0 0
0 0 0 0 0 0 0 0 0 0 0 0 0 0 0 0 0 0 0 0 0 0 0 0 0 0 0 0 0 0 0 0 0 0 0 0
0 0 0 0 0 0 0 0 0 0 0 0 0 0 0 0 0 0 0 0 0
##$SHL_SFCOEFFS10= (0..200)
0 0 0 0 0 0 0 0 0 0 0 0 0 0 0 0 0 0 0 0 0 0 0 0 0 0 0 0 0 0 0 0 0 0 0 0
0 0 0 0 0 0 0 0 0 0 0 0 0 0 0 0 0 0 0 0 0 0 0 0 0 0 0 0 0 0 0 0 0 0 0 0
0 0 0 0 0 0 0 0 0 0 0 0 0 0 0 0 0 0 0 0 0 0 0 0 0 0 0 0 0 0 0 0 0 0 0 0
0 0 0 0 0 0 0 0 0 0 0 0 0 0 0 0 0 0 0 0 0 0 0 0 0 0 0 0 0 0 0 0 0 0 0 0
0 0 0 0 0 0 0 0 0 0 0 0 0 0 0 0 0 0 0 0 0 0 0 0 0 0 0 0 0 0 0 0 0 0 0 0
0 0 0 0 0 0 0 0 0 0 0 0 0 0 0 0 0 0 0 0 0
##$SHL_SFCOEFFS11= (0..200)
0 0 0 0 0 0 0 0 0 0 0 0 0 0 0 0 0 0 0 0 0 0 0 0 0 0 0 0 0 0 0 0 0 0 0 0
0 0 0 0 0 0 0 0 0 0 0 0 0 0 0 0 0 0 0 0 0 0 0 0 0 0 0 0 0 0 0 0 0 0 0 0
0 0 0 0 0 0 0 0 0 0 0 0 0 0 0 0 0 0 0 0 0 0 0 0 0 0 0 0 0 0 0 0 0 0 0 0
0 0 0 0 0 0 0 0 0 0 0 0 0 0 0 0 0 0 0 0 0 0 0 0 0 0 0 0 0 0 0 0 0 0 0 0
0 0 0 0 0 0 0 0 0 0 0 0 0 0 0 0 0 0 0 0 0 0 0 0 0 0 0 0 0 0 0 0 0 0 0 0
0 0 0 0 0 0 0 0 0 0 0 0 0 0 0 0 0 0 0 0 0
##$SHL_SFCOEFFS12= (0..200)
0 0 0 0 0 0 0 0 0 0 0 0 0 0 0 0 0 0 0 0 0 0 0 0 0 0 0 0 0 0 0 0 0 0 0 0
0 0 0 0 0 0 0 0 0 0 0 0 0 0 0 0 0 0 0 0 0 0 0 0 0 0 0 0 0 0 0 0 0 0 0 0
0 0 0 0 0 0 0 0 0 0 0 0 0 0 0 0 0 0 0 0 0 0 0 0 0 0 0 0 0 0 0 0 0 0 0 0
0 0 0 0 0 0 0 0 0 0 0 0 0 0 0 0 0 0 0 0 0 0 0 0 0 0 0 0 0 0 0 0 0 0 0 0
0 0 0 0 0 0 0 0 0 0 0 0 0 0 0 0 0 0 0 0 0 0 0 0 0 0 0 0 0 0 0 0 0 0 0 0
0 0 0 0 0 0 0 0 0 0 0 0 0 0 0 0 0 0 0 0 0
##$SHL_SFCOEFFS13= (0..200)
0 0 0 0 0 0 0 0 0 0 0 0 0 0 0 0 0 0 0 0 0 0 0 0 0 0 0 0 0 0 0 0 0 0 0 0
0 0 0 0 0 0 0 0 0 0 0 0 0 0 0 0 0 0 0 0 0 0 0 0 0 0 0 0 0 0 0 0 0 0 0 0
0 0 0 0 0 0 0 0 0 0 0 0 0 0 0 0 0 0 0 0 0 0 0 0 0 0 0 0 0 0 0 0 0 0 0 0
0 0 0 0 0 0 0 0 0 0 0 0 0 0 0 0 0 0 0 0 0 0 0 0 0 0 0 0 0 0 0 0 0 0 0 0
0 0 0 0 0 0 0 0 0 0 0 0 0 0 0 0 0 0 0 0 0 0 0 0 0 0 0 0 0 0 0 0 0 0 0 0
0 0 0 0 0 0 0 0 0 0 0 0 0 0 0 0 0 0 0 0 0
##$SHL_SFCOEFFS14= (0..200)
0 0 0 0 0 0 0 0 0 0 0 0 0 0 0 0 0 0 0 0 0 0 0 0 0 0 0 0 0 0 0 0 0 0 0 0
0 0 0 0 0 0 0 0 0 0 0 0 0 0 0 0 0 0 0 0 0 0 0 0 0 0 0 0 0 0 0 0 0 0 0 0
0 0 0 0 0 0 0 0 0 0 0 0 0 0 0 0 0 0 0 0 0 0 0 0 0 0 0 0 0 0 0 0 0 0 0 0
0 0 0 0 0 0 0 0 0 0 0 0 0 0 0 0 0 0 0 0 0 0 0 0 0 0 0 0 0 0 0 0 0 0 0 0
0 0 0 0 0 0 0 0 0 0 0 0 0 0 0 0 0 0 0 0 0 0 0 0 0 0 0 0 0 0 0 0 0 0 0 0
0 0 0 0 0 0 0 0 0 0 0 0 0 0 0 0 0 0 0 0 0
##$SHL_SFCOEFFS15= (0..200)
0 0 0 0 0 0 0 0 0 0 0 0 0 0 0 0 0 0 0 0 0 0 0 0 0 0 0 0 0 0 0 0 0 0 0 0
0 0 0 0 0 0 0 0 0 0 0 0 0 0 0 0 0 0 0 0 0 0 0 0 0 0 0 0 0 0 0 0 0 0 0 0
0 0 0 0 0 0 0 0 0 0 0 0 0 0 0 0 0 0 0 0 0 0 0 0 0 0 0 0 0 0 0 0 0 0 0 0
0 0 0 0 0 0 0 0 0 0 0 0 0 0 0 0 0 0 0 0 0 0 0 0 0 0 0 0 0 0 0 0 0 0 0 0
0 0 0 0 0 0 0 0 0 0 0 0 0 0 0 0 0 0 0 0 0 0 0 0 0 0 0 0 0 0 0 0 0 0 0 0
0 0 0 0 0 0 0 0 0 0 0 0 0 0 0 0 0 0 0 0 0
##$SHL_SFCOEFFS2= (0..200)
0 0 0 0 0 0 0 0 0 0 0 0 0 0 0 0 0 0 0 0 0 0 0 0 0 0 0 0 0 0 0 0 0 0 0 0
0 0 0 0 0 0 0 0 0 0 0 0 0 0 0 0 0 0 0 0 0 0 0 0 0 0 0 0 0 0 0 0 0 0 0 0
0 0 0 0 0 0 0 0 0 0 0 0 0 0 0 0 0 0 0 0 0 0 0 0 0 0 0 0 0 0 0 0 0 0 0 0
0 0 0 0 0 0 0 0 0 0 0 0 0 0 0 0 0 0 0 0 0 0 0 0 0 0 0 0 0 0 0 0 0 0 0 0
0 0 0 0 0 0 0 0 0 0 0 0 0 0 0 0 0 0 0 0 0 0 0 0 0 0 0 0 0 0 0 0 0 0 0 0
0 0 0 0 0 0 0 0 0 0 0 0 0 0 0 0 0 0 0 0 0
##$SHL_SFCOEFFS3= (0..200)
0 0 0 0 0 0 0 0 0 0 0 0 0 0 0 0 0 0 0 0 0 0 0 0 0 0 0 0 0 0 0 0 0 0 0 0
0 0 0 0 0 0 0 0 0 0 0 0 0 0 0 0 0 0 0 0 0 0 0 0 0 0 0 0 0 0 0 0 0 0 0 0
0 0 0 0 0 0 0 0 0 0 0 0 0 0 0 0 0 0 0 0 0 0 0 0 0 0 0 0 0 0 0 0 0 0 0 0
0 0 0 0 0 0 0 0 0 0 0 0 0 0 0 0 0 0 0 0 0 0 0 0 0 0 0 0 0 0 0 0 0 0 0 0
0 0 0 0 0 0 0 0 0 0 0 0 0 0 0 0 0 0 0 0 0 0 0 0 0 0 0 0 0 0 0 0 0 0 0 0
0 0 0 0 0 0 0 0 0 0 0 0 0 0 0 0 0 0 0 0 0
##$SHL_SFCOEFFS4= (0..200)
0 0 0 0 0 0 0 0 0 0 0 0 0 0 0 0 0 0 0 0 0 0 0 0 0 0 0 0 0 0 0 0 0 0 0 0
0 0 0 0 0 0 0 0 0 0 0 0 0 0 0 0 0 0 0 0 0 0 0 0 0 0 0 0 0 0 0 0 0 0 0 0
0 0 0 0 0 0 0 0 0 0 0 0 0 0 0 0 0 0 0 0 0 0 0 0 0 0 0 0 0 0 0 0 0 0 0 0
0 0 0 0 0 0 0 0 0 0 0 0 0 0 0 0 0 0 0 0 0 0 0 0 0 0 0 0 0 0 0 0 0 0 0 0
0 0 0 0 0 0 0 0 0 0 0 0 0 0 0 0 0 0 0 0 0 0 0 0 0 0 0 0 0 0 0 0 0 0 0 0
0 0 0 0 0 0 0 0 0 0 0 0 0 0 0 0 0 0 0 0 0
##$SHL_SFCOEFFS5= (0..200)
0 0 0 0 0 0 0 0 0 0 0 0 0 0 0 0 0 0 0 0 0 0 0 0 0 0 0 0 0 0 0 0 0 0 0 0
0 0 0 0 0 0 0 0 0 0 0 0 0 0 0 0 0 0 0 0 0 0 0 0 0 0 0 0 0 0 0 0 0 0 0 0
0 0 0 0 0 0 0 0 0 0 0 0 0 0 0 0 0 0 0 0 0 0 0 0 0 0 0 0 0 0 0 0 0 0 0 0
0 0 0 0 0 0 0 0 0 0 0 0 0 0 0 0 0 0 0 0 0 0 0 0 0 0 0 0 0 0 0 0 0 0 0 0
0 0 0 0 0 0 0 0 0 0 0 0 0 0 0 0 0 0 0 0 0 0 0 0 0 0 0 0 0 0 0 0 0 0 0 0
0 0 0 0 0 0 0 0 0 0 0 0 0 0 0 0 0 0 0 0 0
##$SHL_SFCOEFFS6= (0..200)
0 0 0 0 0 0 0 0 0 0 0 0 0 0 0 0 0 0 0 0 0 0 0 0 0 0 0 0 0 0 0 0 0 0 0 0
0 0 0 0 0 0 0 0 0 0 0 0 0 0 0 0 0 0 0 0 0 0 0 0 0 0 0 0 0 0 0 0 0 0 0 0
0 0 0 0 0 0 0 0 0 0 0 0 0 0 0 0 0 0 0 0 0 0 0 0 0 0 0 0 0 0 0 0 0 0 0 0
0 0 0 0 0 0 0 0 0 0 0 0 0 0 0 0 0 0 0 0 0 0 0 0 0 0 0 0 0 0 0 0 0 0 0 0
0 0 0 0 0 0 0 0 0 0 0 0 0 0 0 0 0 0 0 0 0 0 0 0 0 0 0 0 0 0 0 0 0 0 0 0
0 0 0 0 0 0 0 0 0 0 0 0 0 0 0 0 0 0 0 0 0
##$SHL_SFCOEFFS7= (0..200)
0 0 0 0 0 0 0 0 0 0 0 0 0 0 0 0 0 0 0 0 0 0 0 0 0 0 0 0 0 0 0 0 0 0 0 0
0 0 0 0 0 0 0 0 0 0 0 0 0 0 0 0 0 0 0 0 0 0 0 0 0 0 0 0 0 0 0 0 0 0 0 0
0 0 0 0 0 0 0 0 0 0 0 0 0 0 0 0 0 0 0 0 0 0 0 0 0 0 0 0 0 0 0 0 0 0 0 0
0 0 0 0 0 0 0 0 0 0 0 0 0 0 0 0 0 0 0 0 0 0 0 0 0 0 0 0 0 0 0 0 0 0 0 0
0 0 0 0 0 0 0 0 0 0 0 0 0 0 0 0 0 0 0 0 0 0 0 0 0 0 0 0 0 0 0 0 0 0 0 0
0 0 0 0 0 0 0 0 0 0 0 0 0 0 0 0 0 0 0 0 0
##$SHL_SFCOEFFS8= (0..200)
0 0 0 0 0 0 0 0 0 0 0 0 0 0 0 0 0 0 0 0 0 0 0 0 0 0 0 0 0 0 0 0 0 0 0 0
0 0 0 0 0 0 0 0 0 0 0 0 0 0 0 0 0 0 0 0 0 0 0 0 0 0 0 0 0 0 0 0 0 0 0 0
0 0 0 0 0 0 0 0 0 0 0 0 0 0 0 0 0 0 0 0 0 0 0 0 0 0 0 0 0 0 0 0 0 0 0 0
0 0 0 0 0 0 0 0 0 0 0 0 0 0 0 0 0 0 0 0 0 0 0 0 0 0 0 0 0 0 0 0 0 0 0 0
0 0 0 0 0 0 0 0 0 0 0 0 0 0 0 0 0 0 0 0 0 0 0 0 0 0 0 0 0 0 0 0 0 0 0 0
0 0 0 0 0 0 0 0 0 0 0 0 0 0 0 0 0 0 0 0 0
##$SHL_SFCOEFFS9= (0..200)
0 0 0 0 0 0 0 0 0 0 0 0 0 0 0 0 0 0 0 0 0 0 0 0 0 0 0 0 0 0 0 0 0 0 0 0
0 0 0 0 0 0 0 0 0 0 0 0 0 0 0 0 0 0 0 0 0 0 0 0 0 0 0 0 0 0 0 0 0 0 0 0
0 0 0 0 0 0 0 0 0 0 0 0 0 0 0 0 0 0 0 0 0 0 0 0 0 0 0 0 0 0 0 0 0 0 0 0
0 0 0 0 0 0 0 0 0 0 0 0 0 0 0 0 0 0 0 0 0 0 0 0 0 0 0 0 0 0 0 0 0 0 0 0
0 0 0 0 0 0 0 0 0 0 0 0 0 0 0 0 0 0 0 0 0 0 0 0 0 0 0 0 0 0 0 0 0 0 0 0
0 0 0 0 0 0 0 0 0 0 0 0 0 0 0 0 0 0 0 0 0
##$SHL_SMOOTHED= (0..15)
0 0 0 0 0 0 0 0 0 0 0 0 0 0 0 0
##$SHL_SMOOTHING= (0..15)
0 0 0 0 0 0 0 0 0 0 0 0 0 0 0 0
##$SHL_SPOAL= (0..15)
0 0 0 0 0 0 0 0 0 0 0 0 0 0 0 0
##$SHL_SPOFFS= (0..15)
0 0 0 0 0 0 0 0 0 0 0 0 0 0 0 0
##$SHL_SPOPH= (0..15)
0 0 0 0 0 0 0 0 0 0 0 0 0 0 0 0
##$SHL_STARTAMP= (0..15)
0 0 0 0 0 0 0 0 0 0 0 0 0 0 0 0
##$SHL_SW= (0..15)
10000 0 0 0 0 0 0 0 0 0 0 0 0 0 0 0
##$SHL_SWDIR= (0..15)
-1 -1 -1 -1 -1 -1 -1 -1 -1 -1 -1 -1 -1 -1 -1 -1
##$SHL_TANKAPPA= (0..15)
0 0 0 0 0 0 0 0 0 0 0 0 0 0 0 0
##$SHL_TOTROT= (0..15)
180 0 0 0 0 0 0 0 0 0 0 0 0 0 0 0
##$SHL_TRUNCLEV= (0..15)
0 0 0 0 0 0 0 0 0 0 0 0 0 0 0 0
##$SHL_TYPE= (0..15)
<Inversion> <> <> <> <> <> <> <> <> <> <> <> <> <> <> <>
##$SHL_WINDOWSIZE= (0..15)
0 0 0 0 0 0 0 0 0 0 0 0 0 0 0 0
##$SHL_ZETA= (0..15)
0 0 0 0 0 0 0 0 0 0 0 0 0 0 0 0
##NPOINTS= 2000
##XYPOINTS= (XY..XY)
0.000000, 89.550112
0.009879, 88.651013
0.039510, 87.752812
0.088876, 86.855512
0.157948, 85.959112
0.246685, 85.063612
0.355035, 84.169013
0.482934, 83.275312
0.630309, 82.382513
0.797071, 81.490613
0.983124, 80.599612
1.188359, 79.709513
1.412657, 78.820312
1.655885, 77.932012
1.917904, 77.044613
2.198561, 76.158113
2.497692, 75.272513
2.815125, 74.387812
3.150677, 73.504012
3.504154, 72.621113
3.875353, 71.739112
4.264061, 70.858013
4.670056, 69.977812
5.093106, 69.098512
5.532971, 68.220112
5.989401, 67.342613
6.462138, 66.466013
6.950916, 65.590312
7.455460, 64.715512
7.975489, 63.841613
8.510712, 62.968612
9.060833, 62.096512
9.625547, 61.225312
10.204544, 60.355012
10.797507, 59.485613
11.404111, 58.617112
12.024027, 57.749512
12.656921, 56.882812
13.302453, 56.017012
13.960276, 55.152112
14.630042, 54.288112
15.311395, 53.425012
16.003978, 52.562812
16.707428, 51.701512
17.421381, 50.841113
18.145466, 49.981612
18.879313, 49.123012
19.622547, 48.265312
20.374792, 47.408512
21.135671, 46.552613
21.904803, 45.697612
22.681808, 44.843512
23.466303, 43.990312
24.257906, 43.138012
25.056235, 42.286612
25.860905, 41.436112
26.671535, 40.586512
27.487742, 39.737812
28.309146, 38.890013
29.135365, 38.043112
29.966021, 37.197112
30.800737, 36.352013
31.639138, 35.507813
32.480851, 34.664512
33.325506, 33.822112
34.172735, 32.980613
35.022173, 32.140013
35.873460, 31.300312
36.726237, 30.461512
37.580150, 29.623612
38.434849, 28.786612
39.289988, 27.950513
40.145225, 27.115312
41.000224, 26.281012
41.854653, 25.447612
42.708183, 24.615113
43.560494, 23.783512
44.411269, 22.952812
45.260195, 22.123013
46.106969, 21.294112
46.951290, 20.466113
47.792865, 19.639012
48.631406, 18.812813
49.466633, 17.987512
50.298269, 17.163113
51.126048, 16.339612
51.949706, 15.517012
52.768990, 14.695313
53.583650, 13.874512
54.393445, 13.054612
55.198142, 12.235612
55.997511, 11.417512
56.791334, 10.600313
57.579396, 9.784012
58.361491, 8.968613
59.137421, 8.154112
59.906994, 7.340512
60.670024, 6.527812
61.426336, 5.716012
62.175758, 4.905112
62.918128, 4.095112
63.653291, 3.286013
64.381098, 2.477813
65.101407, 1.670512
65.814086, 0.864112
66.519007, 0.058612
67.216051, 359.254012
67.905104, 358.450313
68.586061, 357.647512
69.258824, 356.845612
69.923300, 356.044613
70.579404, 355.244512
71.227058, 354.445313
71.866191, 353.647012
72.496736, 352.849613
73.118636, 352.053113
73.731837, 351.257513
74.336295, 350.462812
74.931968, 349.669013
75.518823, 348.876113
76.096832, 348.084113
76.665973, 347.293013
77.226230, 346.502813
77.777592, 345.713513
78.320053, 344.925113
78.853614, 344.137613
79.378280, 343.351012
79.894062, 342.565313
80.400975, 341.780512
80.899038, 340.996612
81.388278, 340.213612
81.868724, 339.431512
82.340409, 338.650313
82.803372, 337.870013
83.257656, 337.090612
83.703306, 336.312112
84.140373, 335.534513
84.568911, 334.757813
84.988979, 333.982012
85.400636, 333.207113
85.803947, 332.433112
86.198981, 331.660013
86.585807, 330.887812
86.964499, 330.116513
87.335135, 329.346112
87.697792, 328.576613
88.052552, 327.808013
88.399499, 327.040313
88.738720, 326.273513
89.070302, 325.507612
89.394337, 324.742612
89.710915, 323.978512
90.020130, 323.215313
90.322079, 322.453013
90.616858, 321.691612
90.904565, 320.931112
91.185299, 320.171513
91.459162, 319.412812
91.726256, 318.655012
91.986681, 317.898113
92.240543, 317.142113
92.487945, 316.387012
92.728992, 315.632812
92.963789, 314.879513
93.192441, 314.127113
93.415054, 313.375613
93.631735, 312.625012
93.842589, 311.875313
94.047723, 311.126513
94.247242, 310.378613
94.441254, 309.631612
94.629863, 308.885513
94.813176, 308.140312
94.991297, 307.396013
95.164330, 306.652613
95.332381, 305.910112
95.495553, 305.168513
95.653949, 304.427813
95.807671, 303.688013
95.956820, 302.949112
96.101498, 302.211112
96.241804, 301.474013
96.377838, 300.737813
96.509697, 300.002512
96.637479, 299.268112
96.761279, 298.534613
96.881192, 297.802012
96.997313, 297.070313
97.109734, 296.339512
97.218547, 295.609612
97.323841, 294.880612
97.425706, 294.152512
97.524230, 293.425312
97.619499, 292.699012
97.711598, 291.973613
97.800612, 291.249112
97.886623, 290.525513
97.969713, 289.802812
98.049960, 289.081012
98.127444, 288.360113
98.202241, 287.640113
98.274428, 286.921012
98.344078, 286.202812
98.411265, 285.485513
98.476060, 284.769113
98.538533, 284.053613
98.598753, 283.339012
98.656786, 282.625312
98.712700, 281.912512
98.766557, 281.200613
98.818422, 280.489612
98.868356, 279.779512
98.916420, 279.070313
98.962671, 278.362013
99.007168, 277.654613
99.049968, 276.948112
99.091124, 276.242513
99.130690, 275.537813
99.168719, 274.834013
99.205261, 274.131113
99.240366, 273.429113
99.274083, 272.728013
99.306458, 272.027813
99.337537, 271.328513
99.367366, 270.630112
99.395987, 269.932613
99.423442, 269.236013
99.449773, 268.540312
99.475020, 267.845512
99.499221, 267.151612
99.522414, 266.458613
99.544636, 265.766512
99.565922, 265.075313
99.586307, 264.385012
99.605824, 263.695613
99.624505, 263.007113
99.642382, 262.319512
99.659486, 261.632812
99.675845, 260.947012
99.691489, 260.262112
99.706445, 259.578112
99.720739, 258.895012
99.734399, 258.212812
99.747448, 257.531513
99.759911, 256.851113
99.771812, 256.171612
99.783172, 255.493012
99.794014, 254.815312
99.804360, 254.138512
99.814228, 253.462612
99.823640, 252.787612
99.832614, 252.113512
99.841168, 251.440312
99.849319, 250.768012
99.857086, 250.096613
99.864484, 249.426112
99.871528, 248.756513
99.878235, 248.087813
99.884619, 247.420013
99.890694, 246.753112
99.896473, 246.087112
99.901969, 245.422013
99.907196, 244.757812
99.912165, 244.094513
99.916887, 243.432112
99.921374, 242.770612
99.925636, 242.110012
99.929684, 241.450312
99.933527, 240.791513
99.937175, 240.133612
99.940637, 239.476613
99.943921, 238.820512
99.947037, 238.165312
99.949991, 237.511012
99.952792, 236.857613
99.955446, 236.205112
99.957962, 235.553512
99.960345, 234.902812
99.962601, 234.253012
99.964738, 233.604113
99.966761, 232.956112
99.968675, 232.309013
99.970486, 231.662812
99.972200, 231.017512
99.973820, 230.373113
99.975351, 229.729612
99.976799, 229.087012
99.978167, 228.445312
99.979459, 227.804513
99.980680, 227.164612
99.981833, 226.525612
99.982920, 225.887512
99.983947, 225.250312
99.984916, 224.614012
99.985830, 223.978612
99.986691, 223.344112
99.987504, 222.710512
99.988269, 222.077812
99.988991, 221.446012
99.989670, 220.815112
99.990311, 220.185112
99.990913, 219.556013
99.991481, 218.927813
99.992015, 218.300512
99.992517, 217.674112
99.992989, 217.048613
99.993434, 216.424013
99.993851, 215.800313
99.994244, 215.177512
99.994613, 214.555613
99.994959, 213.934613
99.995285, 213.314512
99.995590, 212.695313
99.995877, 212.077012
99.996146, 211.459613
99.996399, 210.843113
99.996635, 210.227513
99.996857, 209.612812
99.997066, 208.999012
99.997261, 208.386113
99.997443, 207.774112
99.997614, 207.163012
99.997775, 206.552812
99.997925, 205.943513
99.998065, 205.335112
99.998197, 204.727613
99.998319, 204.121012
99.998434, 203.515312
99.998542, 202.910513
99.998642, 202.306613
99.998736, 201.703612
99.998824, 201.101512
99.998906, 200.500313
99.998982, 199.900012
99.999053, 199.300613
99.999120, 198.702112
99.999182, 198.104512
99.999240, 197.507812
99.999294, 196.912012
99.999344, 196.317112
99.999391, 195.723112
99.999435, 195.130012
99.999476, 194.537812
99.999514, 193.946512
99.999549, 193.356112
99.999582, 192.766612
99.999612, 192.178012
99.999641, 191.590312
99.999667, 191.003512
99.999692, 190.417612
99.999715, 189.832612
99.999736, 189.248512
99.999756, 188.665312
99.999774, 188.083012
99.999791, 187.501613
99.999807, 186.921113
99.999821, 186.341512
99.999835, 185.762812
99.999847, 185.185012
99.999859, 184.608112
99.999870, 184.032112
99.999880, 183.457012
99.999889, 182.882812
99.999898, 182.309512
99.999906, 181.737113
99.999913, 181.165613
99.999920, 180.595012
99.999926, 180.025312
99.999932, 179.456513
99.999937, 178.888613
99.999942, 178.321613
99.999947, 177.755512
99.999951, 177.190313
99.999955, 176.626013
99.999959, 176.062612
99.999962, 175.500112
99.999965, 174.938512
99.999968, 174.377812
99.999970, 173.818012
99.999973, 173.259113
99.999975, 172.701112
99.999977, 172.144012
99.999979, 171.587813
99.999981, 171.032513
99.999982, 170.478112
99.999984, 169.924612
99.999985, 169.372012
99.999986, 168.820313
99.999988, 168.269513
99.999989, 167.719612
99.999990, 167.170613
99.999990, 166.622513
99.999991, 166.075313
99.999992, 165.529012
99.999993, 164.983612
99.999993, 164.439113
99.999994, 163.895513
99.999994, 163.352812
99.999995, 162.811012
99.999995, 162.270113
99.999996, 161.730113
99.999996, 161.191013
99.999996, 160.652812
99.999997, 160.115513
99.999997, 159.579113
99.999997, 159.043613
99.999998, 158.509012
99.999998, 157.975312
99.999998, 157.442513
99.999998, 156.910612
99.999998, 156.379612
99.999998, 155.849512
99.999999, 155.320313
99.999999, 154.792013
99.999999, 154.264613
99.999999, 153.738112
99.999999, 153.212512
99.999999, 152.687813
99.999999, 152.164013
99.999999, 151.641113
99.999999, 151.119112
99.999999, 150.598013
99.999999, 150.077813
100.000000, 149.558512
100.000000, 149.040112
100.000000, 148.522612
100.000000, 148.006013
100.000000, 147.490313
100.000000, 146.975512
100.000000, 146.461612
100.000000, 145.948613
100.000000, 145.436513
100.000000, 144.925313
100.000000, 144.415012
100.000000, 143.905612
100.000000, 143.397113
100.000000, 142.889513
100.000000, 142.382812
100.000000, 141.877012
100.000000, 141.372113
100.000000, 140.868113
100.000000, 140.365012
100.000000, 139.862812
100.000000, 139.361513
100.000000, 138.861113
100.000000, 138.361613
100.000000, 137.863013
100.000000, 137.365312
100.000000, 136.868512
100.000000, 136.372613
100.000000, 135.877613
100.000000, 135.383512
100.000000, 134.890313
100.000000, 134.398013
100.000000, 133.906613
100.000000, 133.416112
100.000000, 132.926512
100.000000, 132.437813
100.000000, 131.950012
100.000000, 131.463113
100.000000, 130.977112
100.000000, 130.492012
100.000000, 130.007813
100.000000, 129.524512
100.000000, 129.042112
100.000000, 128.560612
100.000000, 128.080013
100.000000, 127.600313
100.000000, 127.121513
100.000000, 126.643612
100.000000, 126.166613
100.000000, 125.690513
100.000000, 125.215313
100.000000, 124.741012
100.000000, 124.267612
100.000000, 123.795113
100.000000, 123.323512
100.000000, 122.852813
100.000000, 122.383012
100.000000, 121.914112
100.000000, 121.446112
100.000000, 120.979012
100.000000, 120.512812
100.000000, 120.047512
100.000000, 119.583113
100.000000, 119.119613
100.000000, 118.657012
100.000000, 118.195312
100.000000, 117.734513
100.000000, 117.274612
100.000000, 116.815613
100.000000, 116.357512
100.000000, 115.900313
100.000000, 115.444013
100.000000, 114.988612
100.000000, 114.534112
100.000000, 114.080512
100.000000, 113.627813
100.000000, 113.176013
100.000000, 112.725113
100.000000, 112.275112
100.000000, 111.826013
100.000000, 111.377813
100.000000, 110.930513
100.000000, 110.484112
100.000000, 110.038612
100.000000, 109.594013
100.000000, 109.150313
100.000000, 108.707513
100.000000, 108.265612
100.000000, 107.824612
100.000000, 107.384513
100.000000, 106.945313
100.000000, 106.507012
100.000000, 106.069612
100.000000, 105.633113
100.000000, 105.197512
100.000000, 104.762812
100.000000, 104.329013
100.000000, 103.896112
100.000000, 103.464113
100.000000, 103.033013
100.000000, 102.602812
100.000000, 102.173512
100.000000, 101.745112
100.000000, 101.317613
100.000000, 100.891013
100.000000, 100.465313
100.000000, 100.040512
100.000000, 99.616613
100.000000, 99.193612
100.000000, 98.771513
100.000000, 98.350313
100.000000, 97.930012
100.000000, 97.510612
100.000000, 97.092113
100.000000, 96.674512
100.000000, 96.257812
100.000000, 95.842013
100.000000, 95.427113
100.000000, 95.013113
100.000000, 94.600012
100.000000, 94.187812
100.000000, 93.776513
100.000000, 93.366112
100.000000, 92.956613
100.000000, 92.548012
100.000000, 92.140313
100.000000, 91.733513
100.000000, 91.327612
100.000000, 90.922613
100.000000, 90.518512
100.000000, 90.115312
100.000000, 89.713012
100.000000, 89.311613
100.000000, 88.911113
100.000000, 88.511513
100.000000, 88.112812
100.000000, 87.715013
100.000000, 87.318113
100.000000, 86.922113
100.000000, 86.527013
100.000000, 86.132812
100.000000, 85.739513
100.000000, 85.347113
100.000000, 84.955613
100.000000, 84.565013
100.000000, 84.175312
100.000000, 83.786513
100.000000, 83.398613
100.000000, 83.011613
100.000000, 82.625513
100.000000, 82.240313
100.000000, 81.856012
100.000000, 81.472613
100.000000, 81.090113
100.000000, 80.708513
100.000000, 80.327813
100.000000, 79.948013
100.000000, 79.569112
100.000000, 79.191112
100.000000, 78.814012
100.000000, 78.437813
100.000000, 78.062512
100.000000, 77.688112
100.000000, 77.314613
100.000000, 76.942012
100.000000, 76.570313
100.000000, 76.199513
100.000000, 75.829613
100.000000, 75.460613
100.000000, 75.092512
100.000000, 74.725313
100.000000, 74.359012
100.000000, 73.993613
100.000000, 73.629112
100.000000, 73.265513
100.000000, 72.902812
100.000000, 72.541013
100.000000, 72.180113
100.000000, 71.820113
100.000000, 71.461013
100.000000, 71.102813
100.000000, 70.745512
100.000000, 70.389112
100.000000, 70.033612
100.000000, 69.679012
100.000000, 69.325312
100.000000, 68.972513
100.000000, 68.620613
100.000000, 68.269613
100.000000, 67.919512
100.000000, 67.570313
100.000000, 67.222012
100.000000, 66.874613
100.000000, 66.528112
100.000000, 66.182512
100.000000, 65.837812
100.000000, 65.494013
100.000000, 65.151113
100.000000, 64.809113
100.000000, 64.468013
100.000000, 64.127812
100.000000, 63.788513
100.000000, 63.450112
100.000000, 63.112612
100.000000, 62.776012
100.000000, 62.440313
100.000000, 62.105512
100.000000, 61.771612
100.000000, 61.438612
100.000000, 61.106512
100.000000, 60.775313
100.000000, 60.445012
100.000000, 60.115613
100.000000, 59.787112
100.000000, 59.459512
100.000000, 59.132812
100.000000, 58.807013
100.000000, 58.482112
100.000000, 58.158113
100.000000, 57.835013
100.000000, 57.512812
100.000000, 57.191512
100.000000, 56.871112
100.000000, 56.551613
100.000000, 56.233012
100.000000, 55.915313
100.000000, 55.598512
100.000000, 55.282612
100.000000, 54.967613
100.000000, 54.653512
100.000000, 54.340312
100.000000, 54.028012
100.000000, 53.716613
100.000000, 53.406112
100.000000, 53.096513
100.000000, 52.787812
100.000000, 52.480012
100.000000, 52.173112
100.000000, 51.867112
100.000000, 51.562012
100.000000, 51.257812
100.000000, 50.954513
100.000000, 50.652112
100.000000, 50.350613
100.000000, 50.050012
100.000000, 49.750313
100.000000, 49.451513
100.000000, 49.153613
100.000000, 48.856613
100.000000, 48.560512
100.000000, 48.265312
100.000000, 47.971012
100.000000, 47.677613
100.000000, 47.385113
100.000000, 47.093513
100.000000, 46.802812
100.000000, 46.513012
100.000000, 46.224113
100.000000, 45.936113
100.000000, 45.649012
100.000000, 45.362812
100.000000, 45.077513
100.000000, 44.793112
100.000000, 44.509612
100.000000, 44.227012
100.000000, 43.945313
100.000000, 43.664513
100.000000, 43.384612
100.000000, 43.105612
100.000000, 42.827512
100.000000, 42.550313
100.000000, 42.274012
100.000000, 41.998613
100.000000, 41.724112
100.000000, 41.450512
100.000000, 41.177812
100.000000, 40.906013
100.000000, 40.635112
100.000000, 40.365112
100.000000, 40.096013
100.000000, 39.827812
100.000000, 39.560513
100.000000, 39.294112
100.000000, 39.028613
100.000000, 38.764013
100.000000, 38.500313
100.000000, 38.237512
100.000000, 37.975613
100.000000, 37.714613
100.000000, 37.454512
100.000000, 37.195312
100.000000, 36.937012
100.000000, 36.679613
100.000000, 36.423112
100.000000, 36.167513
100.000000, 35.912812
100.000000, 35.659013
100.000000, 35.406113
100.000000, 35.154112
100.000000, 34.903013
100.000000, 34.652812
100.000000, 34.403513
100.000000, 34.155112
100.000000, 33.907612
100.000000, 33.661013
100.000000, 33.415313
100.000000, 33.170512
100.000000, 32.926612
100.000000, 32.683612
100.000000, 32.441512
100.000000, 32.200313
100.000000, 31.960012
100.000000, 31.720612
100.000000, 31.482112
100.000000, 31.244513
100.000000, 31.007813
100.000000, 30.772013
100.000000, 30.537113
100.000000, 30.303112
100.000000, 30.070012
100.000000, 29.837812
100.000000, 29.606512
100.000000, 29.376112
100.000000, 29.146613
100.000000, 28.918013
100.000000, 28.690313
100.000000, 28.463512
100.000000, 28.237612
100.000000, 28.012613
100.000000, 27.788512
100.000000, 27.565313
100.000000, 27.343012
100.000000, 27.121612
100.000000, 26.901112
100.000000, 26.681512
100.000000, 26.462813
100.000000, 26.245013
100.000000, 26.028112
100.000000, 25.812113
100.000000, 25.597013
100.000000, 25.382813
100.000000, 25.169513
100.000000, 24.957113
100.000000, 24.745613
100.000000, 24.535012
100.000000, 24.325313
100.000000, 24.116513
100.000000, 23.908613
100.000000, 23.701613
100.000000, 23.495513
100.000000, 23.290313
100.000000, 23.086013
100.000000, 22.882612
100.000000, 22.680112
100.000000, 22.478513
100.000000, 22.277813
100.000000, 22.078013
100.000000, 21.879112
100.000000, 21.681112
100.000000, 21.484013
100.000000, 21.287813
100.000000, 21.092512
100.000000, 20.898112
100.000000, 20.704612
100.000000, 20.512012
100.000000, 20.320313
100.000000, 20.129512
100.000000, 19.939612
100.000000, 19.750612
100.000000, 19.562513
100.000000, 19.375312
100.000000, 19.189012
100.000000, 19.003613
100.000000, 18.819112
100.000000, 18.635512
100.000000, 18.452813
100.000000, 18.271013
100.000000, 18.090113
100.000000, 17.910112
100.000000, 17.731012
100.000000, 17.552813
100.000000, 17.375512
100.000000, 17.199113
100.000000, 17.023612
100.000000, 16.849013
100.000000, 16.675312
100.000000, 16.502513
100.000000, 16.330613
100.000000, 16.159612
100.000000, 15.989512
100.000000, 15.820313
100.000000, 15.652012
100.000000, 15.484612
100.000000, 15.318113
100.000000, 15.152512
100.000000, 14.987812
100.000000, 14.824013
100.000000, 14.661113
100.000000, 14.499112
100.000000, 14.338013
100.000000, 14.177813
100.000000, 14.018512
100.000000, 13.860112
100.000000, 13.702612
100.000000, 13.546012
100.000000, 13.390313
100.000000, 13.235512
100.000000, 13.081612
100.000000, 12.928612
100.000000, 12.776513
100.000000, 12.625312
100.000000, 12.475012
100.000000, 12.325612
100.000000, 12.177112
100.000000, 12.029513
100.000000, 11.882812
100.000000, 11.737013
100.000000, 11.592113
100.000000, 11.448112
100.000000, 11.305013
100.000000, 11.162812
100.000000, 11.021512
100.000000, 10.881112
100.000000, 10.741612
100.000000, 10.603013
100.000000, 10.465313
100.000000, 10.328513
100.000000, 10.192613
100.000000, 10.057613
100.000000, 9.923513
100.000000, 9.790312
100.000000, 9.658013
100.000000, 9.526613
100.000000, 9.396113
100.000000, 9.266513
100.000000, 9.137812
100.000000, 9.010012
100.000000, 8.883113
100.000000, 8.757112
100.000000, 8.632013
100.000000, 8.507812
100.000000, 8.384512
100.000000, 8.262112
100.000000, 8.140613
100.000000, 8.020012
100.000000, 7.900312
100.000000, 7.781513
100.000000, 7.663613
100.000000, 7.546613
100.000000, 7.430512
100.000000, 7.315312
100.000000, 7.201012
100.000000, 7.087612
100.000000, 6.975112
100.000000, 6.863513
100.000000, 6.752812
100.000000, 6.643012
100.000000, 6.534112
100.000000, 6.426112
100.000000, 6.319013
100.000000, 6.212813
100.000000, 6.107512
100.000000, 6.003112
100.000000, 5.899613
100.000000, 5.797012
100.000000, 5.695312
100.000000, 5.594513
100.000000, 5.494613
100.000000, 5.395612
100.000000, 5.297513
100.000000, 5.200312
100.000000, 5.104013
100.000000, 5.008612
100.000000, 4.914112
100.000000, 4.820512
100.000000, 4.727812
100.000000, 4.636013
100.000000, 4.545112
100.000000, 4.455112
100.000000, 4.366012
100.000000, 4.277813
100.000000, 4.190512
100.000000, 4.104112
100.000000, 4.018612
100.000000, 3.934012
100.000000, 3.850313
100.000000, 3.767513
100.000000, 3.685612
100.000000, 3.604612
100.000000, 3.524513
100.000000, 3.445313
100.000000, 3.367012
100.000000, 3.289612
100.000000, 3.213112
100.000000, 3.137513
100.000000, 3.062812
100.000000, 2.989013
100.000000, 2.916112
100.000000, 2.844113
100.000000, 2.773012
100.000000, 2.702813
100.000000, 2.633513
100.000000, 2.565112
100.000000, 2.497613
100.000000, 2.431012
100.000000, 2.365313
100.000000, 2.300513
100.000000, 2.236612
100.000000, 2.173613
100.000000, 2.111513
100.000000, 2.050312
100.000000, 1.990013
100.000000, 1.930612
100.000000, 1.872113
100.000000, 1.814512
100.000000, 1.757813
100.000000, 1.702012
100.000000, 1.647113
100.000000, 1.593113
100.000000, 1.540012
100.000000, 1.487812
100.000000, 1.436512
100.000000, 1.386113
100.000000, 1.336613
100.000000, 1.288013
100.000000, 1.240313
100.000000, 1.193512
100.000000, 1.147613
100.000000, 1.102612
100.000000, 1.058513
100.000000, 1.015312
100.000000, 0.973013
100.000000, 0.931612
100.000000, 0.891112
100.000000, 0.851513
100.000000, 0.812812
100.000000, 0.775013
100.000000, 0.738112
100.000000, 0.702113
100.000000, 0.667013
100.000000, 0.632812
100.000000, 0.599512
100.000000, 0.567112
100.000000, 0.535613
100.000000, 0.505013
100.000000, 0.475312
100.000000, 0.446513
100.000000, 0.418613
100.000000, 0.391613
100.000000, 0.365512
100.000000, 0.340312
100.000000, 0.316013
100.000000, 0.292612
100.000000, 0.270112
100.000000, 0.248512
100.000000, 0.227812
100.000000, 0.208013
100.000000, 0.189112
100.000000, 0.171113
100.000000, 0.154013
100.000000, 0.137812
100.000000, 0.122512
100.000000, 0.108113
100.000000, 0.094613
100.000000, 0.082013
100.000000, 0.070312
100.000000, 0.059513
100.000000, 0.049612
100.000000, 0.040612
100.000000, 0.032513
100.000000, 0.025313
100.000000, 0.019013
100.000000, 0.013613
100.000000, 0.009113
100.000000, 0.005513
100.000000, 0.002812
100.000000, 0.001013
100.000000, 0.000112
100.000000, 0.000112
100.000000, 0.001013
100.000000, 0.002812
100.000000, 0.005513
100.000000, 0.009113
100.000000, 0.013613
100.000000, 0.019013
100.000000, 0.025313
100.000000, 0.032513
100.000000, 0.040612
100.000000, 0.049612
100.000000, 0.059513
100.000000, 0.070312
100.000000, 0.082013
100.000000, 0.094613
100.000000, 0.108113
100.000000, 0.122512
100.000000, 0.137812
100.000000, 0.154013
100.000000, 0.171113
100.000000, 0.189112
100.000000, 0.208013
100.000000, 0.227812
100.000000, 0.248512
100.000000, 0.270112
100.000000, 0.292612
100.000000, 0.316013
100.000000, 0.340312
100.000000, 0.365512
100.000000, 0.391613
100.000000, 0.418613
100.000000, 0.446513
100.000000, 0.475312
100.000000, 0.505013
100.000000, 0.535613
100.000000, 0.567112
100.000000, 0.599512
100.000000, 0.632812
100.000000, 0.667013
100.000000, 0.702113
100.000000, 0.738112
100.000000, 0.775013
100.000000, 0.812812
100.000000, 0.851513
100.000000, 0.891112
100.000000, 0.931612
100.000000, 0.973013
100.000000, 1.015312
100.000000, 1.058513
100.000000, 1.102612
100.000000, 1.147613
100.000000, 1.193512
100.000000, 1.240313
100.000000, 1.288013
100.000000, 1.336613
100.000000, 1.386113
100.000000, 1.436512
100.000000, 1.487812
100.000000, 1.540012
100.000000, 1.593113
100.000000, 1.647113
100.000000, 1.702012
100.000000, 1.757813
100.000000, 1.814512
100.000000, 1.872113
100.000000, 1.930612
100.000000, 1.990013
100.000000, 2.050312
100.000000, 2.111513
100.000000, 2.173613
100.000000, 2.236612
100.000000, 2.300513
100.000000, 2.365313
100.000000, 2.431012
100.000000, 2.497613
100.000000, 2.565112
100.000000, 2.633513
100.000000, 2.702813
100.000000, 2.773012
100.000000, 2.844113
100.000000, 2.916112
100.000000, 2.989013
100.000000, 3.062812
100.000000, 3.137513
100.000000, 3.213112
100.000000, 3.289612
100.000000, 3.367012
100.000000, 3.445313
100.000000, 3.524513
100.000000, 3.604612
100.000000, 3.685612
100.000000, 3.767513
100.000000, 3.850313
100.000000, 3.934012
100.000000, 4.018612
100.000000, 4.104112
100.000000, 4.190512
100.000000, 4.277813
100.000000, 4.366012
100.000000, 4.455112
100.000000, 4.545112
100.000000, 4.636013
100.000000, 4.727812
100.000000, 4.820512
100.000000, 4.914112
100.000000, 5.008612
100.000000, 5.104013
100.000000, 5.200312
100.000000, 5.297513
100.000000, 5.395612
100.000000, 5.494613
100.000000, 5.594513
100.000000, 5.695312
100.000000, 5.797012
100.000000, 5.899613
100.000000, 6.003112
100.000000, 6.107512
100.000000, 6.212813
100.000000, 6.319013
100.000000, 6.426112
100.000000, 6.534112
100.000000, 6.643012
100.000000, 6.752812
100.000000, 6.863513
100.000000, 6.975112
100.000000, 7.087612
100.000000, 7.201012
100.000000, 7.315312
100.000000, 7.430512
100.000000, 7.546613
100.000000, 7.663613
100.000000, 7.781513
100.000000, 7.900312
100.000000, 8.020012
100.000000, 8.140613
100.000000, 8.262112
100.000000, 8.384512
100.000000, 8.507812
100.000000, 8.632013
100.000000, 8.757112
100.000000, 8.883113
100.000000, 9.010012
100.000000, 9.137812
100.000000, 9.266513
100.000000, 9.396113
100.000000, 9.526613
100.000000, 9.658013
100.000000, 9.790312
100.000000, 9.923513
100.000000, 10.057613
100.000000, 10.192613
100.000000, 10.328513
100.000000, 10.465313
100.000000, 10.603013
100.000000, 10.741612
100.000000, 10.881112
100.000000, 11.021512
100.000000, 11.162812
100.000000, 11.305013
100.000000, 11.448112
100.000000, 11.592113
100.000000, 11.737013
100.000000, 11.882812
100.000000, 12.029513
100.000000, 12.177112
100.000000, 12.325612
100.000000, 12.475012
100.000000, 12.625312
100.000000, 12.776513
100.000000, 12.928612
100.000000, 13.081612
100.000000, 13.235512
100.000000, 13.390313
100.000000, 13.546012
100.000000, 13.702612
100.000000, 13.860112
100.000000, 14.018512
100.000000, 14.177813
100.000000, 14.338013
100.000000, 14.499112
100.000000, 14.661113
100.000000, 14.824013
100.000000, 14.987812
100.000000, 15.152512
100.000000, 15.318113
100.000000, 15.484612
100.000000, 15.652012
100.000000, 15.820313
100.000000, 15.989512
100.000000, 16.159612
100.000000, 16.330613
100.000000, 16.502513
100.000000, 16.675312
100.000000, 16.849013
100.000000, 17.023612
100.000000, 17.199113
100.000000, 17.375512
100.000000, 17.552813
100.000000, 17.731012
100.000000, 17.910112
100.000000, 18.090113
100.000000, 18.271013
100.000000, 18.452813
100.000000, 18.635512
100.000000, 18.819112
100.000000, 19.003613
100.000000, 19.189012
100.000000, 19.375312
100.000000, 19.562513
100.000000, 19.750612
100.000000, 19.939612
100.000000, 20.129512
100.000000, 20.320313
100.000000, 20.512012
100.000000, 20.704612
100.000000, 20.898112
100.000000, 21.092512
100.000000, 21.287813
100.000000, 21.484013
100.000000, 21.681112
100.000000, 21.879112
100.000000, 22.078013
100.000000, 22.277813
100.000000, 22.478513
100.000000, 22.680112
100.000000, 22.882612
100.000000, 23.086013
100.000000, 23.290313
100.000000, 23.495513
100.000000, 23.701613
100.000000, 23.908613
100.000000, 24.116513
100.000000, 24.325313
100.000000, 24.535012
100.000000, 24.745613
100.000000, 24.957113
100.000000, 25.169513
100.000000, 25.382813
100.000000, 25.597013
100.000000, 25.812113
100.000000, 26.028112
100.000000, 26.245013
100.000000, 26.462813
100.000000, 26.681512
100.000000, 26.901112
100.000000, 27.121612
100.000000, 27.343012
100.000000, 27.565313
100.000000, 27.788512
100.000000, 28.012613
100.000000, 28.237612
100.000000, 28.463512
100.000000, 28.690313
100.000000, 28.918013
100.000000, 29.146613
100.000000, 29.376112
100.000000, 29.606512
100.000000, 29.837812
100.000000, 30.070012
100.000000, 30.303112
100.000000, 30.537113
100.000000, 30.772013
100.000000, 31.007813
100.000000, 31.244513
100.000000, 31.482112
100.000000, 31.720612
100.000000, 31.960012
100.000000, 32.200313
100.000000, 32.441512
100.000000, 32.683612
100.000000, 32.926612
100.000000, 33.170512
100.000000, 33.415313
100.000000, 33.661013
100.000000, 33.907612
100.000000, 34.155112
100.000000, 34.403513
100.000000, 34.652812
100.000000, 34.903013
100.000000, 35.154112
100.000000, 35.406113
100.000000, 35.659013
100.000000, 35.912812
100.000000, 36.167513
100.000000, 36.423112
100.000000, 36.679613
100.000000, 36.937012
100.000000, 37.195312
100.000000, 37.454512
100.000000, 37.714613
100.000000, 37.975613
100.000000, 38.237512
100.000000, 38.500313
100.000000, 38.764013
100.000000, 39.028613
100.000000, 39.294112
100.000000, 39.560513
100.000000, 39.827812
100.000000, 40.096013
100.000000, 40.365112
100.000000, 40.635112
100.000000, 40.906013
100.000000, 41.177812
100.000000, 41.450512
100.000000, 41.724112
100.000000, 41.998613
100.000000, 42.274012
100.000000, 42.550313
100.000000, 42.827512
100.000000, 43.105612
100.000000, 43.384612
100.000000, 43.664513
100.000000, 43.945313
100.000000, 44.227012
100.000000, 44.509612
100.000000, 44.793112
100.000000, 45.077513
100.000000, 45.362812
100.000000, 45.649012
100.000000, 45.936113
100.000000, 46.224113
100.000000, 46.513012
100.000000, 46.802812
100.000000, 47.093513
100.000000, 47.385113
100.000000, 47.677613
100.000000, 47.971012
100.000000, 48.265312
100.000000, 48.560512
100.000000, 48.856613
100.000000, 49.153613
100.000000, 49.451513
100.000000, 49.750313
100.000000, 50.050012
100.000000, 50.350613
100.000000, 50.652112
100.000000, 50.954513
100.000000, 51.257812
100.000000, 51.562012
100.000000, 51.867112
100.000000, 52.173112
100.000000, 52.480012
100.000000, 52.787812
100.000000, 53.096513
100.000000, 53.406112
100.000000, 53.716613
100.000000, 54.028012
100.000000, 54.340312
100.000000, 54.653512
100.000000, 54.967613
100.000000, 55.282612
100.000000, 55.598512
100.000000, 55.915313
100.000000, 56.233012
100.000000, 56.551613
100.000000, 56.871112
100.000000, 57.191512
100.000000, 57.512812
100.000000, 57.835013
100.000000, 58.158113
100.000000, 58.482112
100.000000, 58.807013
100.000000, 59.132812
100.000000, 59.459512
100.000000, 59.787112
100.000000, 60.115613
100.000000, 60.445012
100.000000, 60.775313
100.000000, 61.106512
100.000000, 61.438612
100.000000, 61.771612
100.000000, 62.105512
100.000000, 62.440313
100.000000, 62.776012
100.000000, 63.112612
100.000000, 63.450112
100.000000, 63.788513
100.000000, 64.127812
100.000000, 64.468013
100.000000, 64.809113
100.000000, 65.151113
100.000000, 65.494013
100.000000, 65.837812
100.000000, 66.182512
100.000000, 66.528112
100.000000, 66.874613
100.000000, 67.222012
100.000000, 67.570313
100.000000, 67.919512
100.000000, 68.269613
100.000000, 68.620613
100.000000, 68.972513
100.000000, 69.325312
100.000000, 69.679012
100.000000, 70.033612
100.000000, 70.389112
100.000000, 70.745512
100.000000, 71.102813
100.000000, 71.461013
100.000000, 71.820113
100.000000, 72.180113
100.000000, 72.541013
100.000000, 72.902812
100.000000, 73.265513
100.000000, 73.629112
100.000000, 73.993613
100.000000, 74.359012
100.000000, 74.725313
100.000000, 75.092512
100.000000, 75.460613
100.000000, 75.829613
100.000000, 76.199513
100.000000, 76.570313
100.000000, 76.942012
100.000000, 77.314613
100.000000, 77.688112
100.000000, 78.062512
100.000000, 78.437813
100.000000, 78.814012
100.000000, 79.191112
100.000000, 79.569112
100.000000, 79.948013
100.000000, 80.327813
100.000000, 80.708513
100.000000, 81.090113
100.000000, 81.472613
100.000000, 81.856012
100.000000, 82.240313
100.000000, 82.625513
100.000000, 83.011613
100.000000, 83.398613
100.000000, 83.786513
100.000000, 84.175312
100.000000, 84.565013
100.000000, 84.955613
100.000000, 85.347113
100.000000, 85.739513
100.000000, 86.132812
100.000000, 86.527013
100.000000, 86.922113
100.000000, 87.318113
100.000000, 87.715013
100.000000, 88.112812
100.000000, 88.511513
100.000000, 88.911113
100.000000, 89.311613
100.000000, 89.713012
100.000000, 90.115312
100.000000, 90.518512
100.000000, 90.922613
100.000000, 91.327612
100.000000, 91.733513
100.000000, 92.140313
100.000000, 92.548012
100.000000, 92.956613
100.000000, 93.366112
100.000000, 93.776513
100.000000, 94.187812
100.000000, 94.600012
100.000000, 95.013113
100.000000, 95.427113
100.000000, 95.842013
100.000000, 96.257812
100.000000, 96.674512
100.000000, 97.092113
100.000000, 97.510612
100.000000, 97.930012
100.000000, 98.350313
100.000000, 98.771513
100.000000, 99.193612
100.000000, 99.616613
100.000000, 100.040512
100.000000, 100.465313
100.000000, 100.891013
100.000000, 101.317613
100.000000, 101.745112
100.000000, 102.173512
100.000000, 102.602812
100.000000, 103.033013
100.000000, 103.464113
100.000000, 103.896112
100.000000, 104.329013
100.000000, 104.762812
100.000000, 105.197512
100.000000, 105.633113
100.000000, 106.069612
100.000000, 106.507012
100.000000, 106.945313
100.000000, 107.384513
100.000000, 107.824612
100.000000, 108.265612
100.000000, 108.707513
100.000000, 109.150313
100.000000, 109.594013
100.000000, 110.038612
100.000000, 110.484112
100.000000, 110.930513
100.000000, 111.377813
100.000000, 111.826013
100.000000, 112.275112
100.000000, 112.725113
100.000000, 113.176013
100.000000, 113.627813
100.000000, 114.080512
100.000000, 114.534112
100.000000, 114.988612
100.000000, 115.444013
100.000000, 115.900313
100.000000, 116.357512
100.000000, 116.815613
100.000000, 117.274612
100.000000, 117.734513
100.000000, 118.195312
100.000000, 118.657012
100.000000, 119.119613
100.000000, 119.583113
100.000000, 120.047512
100.000000, 120.512812
100.000000, 120.979012
100.000000, 121.446112
100.000000, 121.914112
100.000000, 122.383012
100.000000, 122.852813
100.000000, 123.323512
100.000000, 123.795113
100.000000, 124.267612
100.000000, 124.741012
100.000000, 125.215313
100.000000, 125.690513
100.000000, 126.166613
100.000000, 126.643612
100.000000, 127.121513
100.000000, 127.600313
100.000000, 128.080013
100.000000, 128.560612
100.000000, 129.042112
100.000000, 129.524512
100.000000, 130.007813
100.000000, 130.492012
100.000000, 130.977112
100.000000, 131.463113
100.000000, 131.950012
100.000000, 132.437813
100.000000, 132.926512
100.000000, 133.416112
100.000000, 133.906613
100.000000, 134.398013
100.000000, 134.890313
100.000000, 135.383512
100.000000, 135.877613
100.000000, 136.372613
100.000000, 136.868512
100.000000, 137.365312
100.000000, 137.863013
100.000000, 138.361613
100.000000, 138.861113
100.000000, 139.361513
100.000000, 139.862812
100.000000, 140.365012
100.000000, 140.868113
100.000000, 141.372113
100.000000, 141.877012
100.000000, 142.382812
100.000000, 142.889513
100.000000, 143.397113
100.000000, 143.905612
100.000000, 144.415012
100.000000, 144.925313
100.000000, 145.436513
100.000000, 145.948613
100.000000, 146.461612
100.000000, 146.975512
100.000000, 147.490313
100.000000, 148.006013
100.000000, 148.522612
100.000000, 149.040112
100.000000, 149.558512
99.999999, 150.077813
99.999999, 150.598013
99.999999, 151.119112
99.999999, 151.641113
99.999999, 152.164013
99.999999, 152.687813
99.999999, 153.212512
99.999999, 153.738112
99.999999, 154.264613
99.999999, 154.792013
99.999999, 155.320313
99.999998, 155.849512
99.999998, 156.379612
99.999998, 156.910612
99.999998, 157.442513
99.999998, 157.975312
99.999998, 158.509012
99.999997, 159.043613
99.999997, 159.579113
99.999997, 160.115513
99.999996, 160.652812
99.999996, 161.191013
99.999996, 161.730113
99.999995, 162.270113
99.999995, 162.811012
99.999994, 163.352812
99.999994, 163.895513
99.999993, 164.439113
99.999993, 164.983612
99.999992, 165.529012
99.999991, 166.075313
99.999990, 166.622513
99.999990, 167.170613
99.999989, 167.719612
99.999988, 168.269513
99.999986, 168.820313
99.999985, 169.372012
99.999984, 169.924612
99.999982, 170.478112
99.999981, 171.032513
99.999979, 171.587813
99.999977, 172.144012
99.999975, 172.701112
99.999973, 173.259113
99.999970, 173.818012
99.999968, 174.377812
99.999965, 174.938512
99.999962, 175.500112
99.999959, 176.062612
99.999955, 176.626013
99.999951, 177.190313
99.999947, 177.755512
99.999942, 178.321613
99.999937, 178.888613
99.999932, 179.456513
99.999926, 180.025312
99.999920, 180.595012
99.999913, 181.165613
99.999906, 181.737113
99.999898, 182.309512
99.999889, 182.882812
99.999880, 183.457012
99.999870, 184.032112
99.999859, 184.608112
99.999847, 185.185012
99.999835, 185.762812
99.999821, 186.341512
99.999807, 186.921113
99.999791, 187.501613
99.999774, 188.083012
99.999756, 188.665312
99.999736, 189.248512
99.999715, 189.832612
99.999692, 190.417612
99.999667, 191.003512
99.999641, 191.590312
99.999612, 192.178012
99.999582, 192.766612
99.999549, 193.356112
99.999514, 193.946512
99.999476, 194.537812
99.999435, 195.130012
99.999391, 195.723112
99.999344, 196.317112
99.999294, 196.912012
99.999240, 197.507812
99.999182, 198.104512
99.999120, 198.702112
99.999053, 199.300613
99.998982, 199.900012
99.998906, 200.500313
99.998824, 201.101512
99.998736, 201.703612
99.998642, 202.306613
99.998542, 202.910513
99.998434, 203.515312
99.998319, 204.121012
99.998197, 204.727613
99.998065, 205.335112
99.997925, 205.943513
99.997775, 206.552812
99.997614, 207.163012
99.997443, 207.774112
99.997261, 208.386113
99.997066, 208.999012
99.996857, 209.612812
99.996635, 210.227513
99.996399, 210.843113
99.996146, 211.459613
99.995877, 212.077012
99.995590, 212.695313
99.995285, 213.314512
99.994959, 213.934613
99.994613, 214.555613
99.994244, 215.177512
99.993851, 215.800313
99.993434, 216.424013
99.992989, 217.048613
99.992517, 217.674112
99.992015, 218.300512
99.991481, 218.927813
99.990913, 219.556013
99.990311, 220.185112
99.989670, 220.815112
99.988991, 221.446012
99.988269, 222.077812
99.987504, 222.710512
99.986691, 223.344112
99.985830, 223.978612
99.984916, 224.614012
99.983947, 225.250312
99.982920, 225.887512
99.981833, 226.525612
99.980680, 227.164612
99.979459, 227.804513
99.978167, 228.445312
99.976799, 229.087012
99.975351, 229.729612
99.973820, 230.373113
99.972200, 231.017512
99.970486, 231.662812
99.968675, 232.309013
99.966761, 232.956112
99.964738, 233.604113
99.962601, 234.253012
99.960345, 234.902812
99.957962, 235.553512
99.955446, 236.205112
99.952792, 236.857613
99.949991, 237.511012
99.947037, 238.165312
99.943921, 238.820512
99.940637, 239.476613
99.937175, 240.133612
99.933527, 240.791513
99.929684, 241.450312
99.925636, 242.110012
99.921374, 242.770612
99.916887, 243.432112
99.912165, 244.094513
99.907196, 244.757812
99.901969, 245.422013
99.896473, 246.087112
99.890694, 246.753112
99.884619, 247.420013
99.878235, 248.087813
99.871528, 248.756513
99.864484, 249.426112
99.857086, 250.096613
99.849319, 250.768012
99.841168, 251.440312
99.832614, 252.113512
99.823640, 252.787612
99.814228, 253.462612
99.804360, 254.138512
99.794014, 254.815312
99.783172, 255.493012
99.771812, 256.171612
99.759911, 256.851113
99.747448, 257.531513
99.734399, 258.212812
99.720739, 258.895012
99.706445, 259.578112
99.691489, 260.262112
99.675845, 260.947012
99.659486, 261.632812
99.642382, 262.319512
99.624505, 263.007113
99.605824, 263.695613
99.586307, 264.385012
99.565922, 265.075313
99.544636, 265.766512
99.522414, 266.458613
99.499221, 267.151612
99.475020, 267.845512
99.449773, 268.540312
99.423442, 269.236013
99.395987, 269.932613
99.367366, 270.630112
99.337537, 271.328513
99.306458, 272.027813
99.274083, 272.728013
99.240366, 273.429113
99.205261, 274.131113
99.168719, 274.834013
99.130690, 275.537813
99.091124, 276.242513
99.049968, 276.948112
99.007168, 277.654613
98.962671, 278.362013
98.916420, 279.070313
98.868356, 279.779512
98.818422, 280.489612
98.766557, 281.200613
98.712700, 281.912512
98.656786, 282.625312
98.598753, 283.339012
98.538533, 284.053613
98.476060, 284.769113
98.411265, 285.485513
98.344078, 286.202812
98.274428, 286.921012
98.202241, 287.640113
98.127444, 288.360113
98.049960, 289.081012
97.969713, 289.802812
97.886623, 290.525513
97.800612, 291.249112
97.711598, 291.973613
97.619499, 292.699012
97.524230, 293.425312
97.425706, 294.152512
97.323841, 294.880612
97.218547, 295.609612
97.109734, 296.339512
96.997313, 297.070313
96.881192, 297.802012
96.761279, 298.534613
96.637479, 299.268112
96.509697, 300.002512
96.377838, 300.737813
96.241804, 301.474013
96.101498, 302.211112
95.956820, 302.949112
95.807671, 303.688013
95.653949, 304.427813
95.495553, 305.168513
95.332381, 305.910112
95.164330, 306.652613
94.991297, 307.396013
94.813176, 308.140312
94.629863, 308.885513
94.441254, 309.631612
94.247242, 310.378613
94.047723, 311.126513
93.842589, 311.875313
93.631735, 312.625012
93.415054, 313.375613
93.192441, 314.127113
92.963789, 314.879513
92.728992, 315.632812
92.487945, 316.387012
92.240543, 317.142113
91.986681, 317.898113
91.726256, 318.655012
91.459162, 319.412812
91.185299, 320.171513
90.904565, 320.931112
90.616858, 321.691612
90.322079, 322.453013
90.020130, 323.215313
89.710915, 323.978512
89.394337, 324.742612
89.070302, 325.507612
88.738720, 326.273513
88.399499, 327.040313
88.052552, 327.808013
87.697792, 328.576613
87.335135, 329.346112
86.964499, 330.116513
86.585807, 330.887812
86.198981, 331.660013
85.803947, 332.433112
85.400636, 333.207113
84.988979, 333.982012
84.568911, 334.757813
84.140373, 335.534513
83.703306, 336.312112
83.257656, 337.090612
82.803372, 337.870013
82.340409, 338.650313
81.868724, 339.431512
81.388278, 340.213612
80.899038, 340.996612
80.400975, 341.780512
79.894062, 342.565313
79.378280, 343.351012
78.853614, 344.137613
78.320053, 344.925113
77.777592, 345.713513
77.226230, 346.502813
76.665973, 347.293013
76.096832, 348.084113
75.518823, 348.876113
74.931968, 349.669013
74.336295, 350.462812
73.731837, 351.257513
73.118636, 352.053113
72.496736, 352.849613
71.866191, 353.647012
71.227058, 354.445313
70.579404, 355.244512
69.923300, 356.044613
69.258824, 356.845612
68.586061, 357.647512
67.905104, 358.450313
67.216051, 359.254012
66.519007, 0.058612
65.814086, 0.864112
65.101407, 1.670512
64.381098, 2.477813
63.653291, 3.286013
62.918128, 4.095112
62.175758, 4.905112
61.426336, 5.716012
60.670024, 6.527812
59.906994, 7.340512
59.137421, 8.154112
58.361491, 8.968613
57.579396, 9.784012
56.791334, 10.600313
55.997511, 11.417512
55.198142, 12.235612
54.393445, 13.054612
53.583650, 13.874512
52.768990, 14.695313
51.949706, 15.517012
51.126048, 16.339612
50.298269, 17.163113
49.466633, 17.987512
48.631406, 18.812813
47.792865, 19.639012
46.951290, 20.466113
46.106969, 21.294112
45.260195, 22.123013
44.411269, 22.952812
43.560494, 23.783512
42.708183, 24.615113
41.854653, 25.447612
41.000224, 26.281012
40.145225, 27.115312
39.289988, 27.950513
38.434849, 28.786612
37.580150, 29.623612
36.726237, 30.461512
35.873460, 31.300312
35.022173, 32.140013
34.172735, 32.980613
33.325506, 33.822112
32.480851, 34.664512
31.639138, 35.507813
30.800737, 36.352013
29.966021, 37.197112
29.135365, 38.043112
28.309146, 38.890013
27.487742, 39.737812
26.671535, 40.586512
25.860905, 41.436112
25.056235, 42.286612
24.257906, 43.138012
23.466303, 43.990312
22.681808, 44.843512
21.904803, 45.697612
21.135671, 46.552613
20.374792, 47.408512
19.622547, 48.265312
18.879313, 49.123012
18.145466, 49.981612
17.421381, 50.841113
16.707428, 51.701512
16.003978, 52.562812
15.311395, 53.425012
14.630042, 54.288112
13.960276, 55.152112
13.302453, 56.017012
12.656921, 56.882812
12.024027, 57.749512
11.404111, 58.617112
10.797507, 59.485613
10.204544, 60.355012
9.625547, 61.225312
9.060833, 62.096512
8.510712, 62.968612
7.975489, 63.841613
7.455460, 64.715512
6.950916, 65.590312
6.462138, 66.466013
5.989401, 67.342613
5.532971, 68.220112
5.093106, 69.098512
4.670056, 69.977812
4.264061, 70.858013
3.875353, 71.739112
3.504154, 72.621113
3.150677, 73.504012
2.815125, 74.387812
2.497692, 75.272513
2.198561, 76.158113
1.917904, 77.044613
1.655885, 77.932012
1.412657, 78.820312
1.188359, 79.709513
0.983124, 80.599612
0.797071, 81.490613
0.630309, 82.382513
0.482934, 83.275312
0.355035, 84.169013
0.246685, 85.063612
0.157948, 85.959112
0.088876, 86.855512
0.039510, 87.752812
0.009879, 88.651013
0.000000, 89.550112
##END=
