0
15
4
25
54
23
6
2
8
105
21
14
7
57
30
33
44
34
69
24
42
37
29
32
13
63
65
51
55
20
39
31
46
18
47
3
22
36
58
5
27
9
35
41
17
72
86
10
1
180
26
49
50
56
11
82
38
73
48
70
16
12
61
52
64
97
87
67
118
40
77
43
76
130
106
93
80
28
19
251
75
53
170
45
59
99
89
121
117
98
81
101
100
62
74
92
60
71
94
112
111
85
95
68
104
66
109
88
165
145
84
135
122
151
102
107
154
126
131
138
153
228
125
78
79
113
141
114
186
108
103
127
90
116
193
163
128
115
123
189
83
96
147
194
91
157
155
119
237
159
148
268
149
110
187
120
156
129
204
133
177
213
160
256
136
171
167
275
169
140
137
150
179
168
152
142
139
172
181
144
201
214
269
185
221
210
143
195
188
248
164
216
211
166
173
244
146
229
240
161
226
174
124
182
223
