0
7
2
28
58
12
45
27
11
3
1
4
40
53
117
24
10
77
15
17
16
49
22
41
116
19
26
36
8
51
31
57
39
34
23
54
35
60
69
21
18
123
99
14
29
38
6
62
87
9
32
25
33
89
43
59
63
20
103
75
74
61
52
44
64
13
48
5
81
90
55
37
111
56
42
108
120
97
50
47
79
68
67
124
150
46
30
92
95
83
82
80
163
66
88
65
86
84
125
85
129
73
114
134
94
78
105
168
76
70
71
101
93
145
98
127
119
135
72
171
106
104
110
131
166
139
172
141
126
155
91
102
128
144
109
96
147
182
179
190
148
157
100
219
142
160
113
183
191
107
138
167
133
207
