##TITLE= Parameter file, TopSpin 4.1.1
##JCAMPDX= 5.0
##DATATYPE= Parameter Values
##ORIGIN= Bruker BioSpin GmbH
##OWNER= rschurko
$$ 2021-08-03 23:46:05.016 -0400  rschurko@600wb1.magnet.fsu.edu
$$ /opt/topspin4.1.1/exp/stan/nmr/lists/wave/user/W_25us_2000kHz_1000_LtoH
$$ process /opt/topspin4.1.1/prog/mod/toolserver
##MINX= 0.00000000
##MAXX= 100.00000000
##MINY= 0.00225000
##MAXY= 358.25625000
##$SHAPE_ADDPHASE= 0
##$SHAPE_AMP= 100
##$SHAPE_BWFAC= 36.568
##$SHAPE_BWFAC50= 0
##$SHAPE_CALCBW= yes
##$SHAPE_CALCINTEG= yes
##$SHAPE_EXMODE= <Adiabatic>
##$SHAPE_EXPAND= <>
##$SHAPE_EXPANDCF= (0..143)
0 0 0 0 0 0 0 0 0 0 0 0 0 0 0 0 0 0 0 0 0 0 0 0 0 0 0 0 0 0 0 0 0 0 0 0
0 0 0 0 0 0 0 0 0 0 0 0 0 0 0 0 0 0 0 0 0 0 0 0 0 0 0 0 0 0 0 0 0 0 0 0
0 0 0 0 0 0 0 0 0 0 0 0 0 0 0 0 0 0 0 0 0 0 0 0 0 0 0 0 0 0 0 0 0 0 0 0
0 0 0 0 0 0 0 0 0 0 0 0 0 0 0 0 0 0 0 0 0 0 0 0 0 0 0 0 0 0 0 0 0 0 0 0
##$SHAPE_EXPFAC= 0
##$SHAPE_FRACEND= 0
##$SHAPE_FRACORG= 0
##$SHAPE_FRACSTART= 0
##$SHAPE_INTEGFAC= 0.07926655
##$SHAPE_KEEPRES= yes
##$SHAPE_LENGTH= 25
##$SHAPE_MAN= <>
##$SHAPE_MODE= 0
##$SHAPE_MODFREQ= 0
##$SHAPE_MODPHASE= 0
##$SHAPE_MODSCALE= 0
##$SHAPE_MODSW= 0
##$SHAPE_MODSWDIR= -1
##$SHAPE_NPOINTS= 1000
##$SHAPE_OFFS= <>
##$SHAPE_OFFSCOEFF= (0..95)
0 0 0 0 0 0 0 0 0 0 0 0 0 0 0 0 0 0 0 0 0 0 0 0 0 0 0 0 0 0 0 0 0 0 0 0
0 0 0 0 0 0 0 0 0 0 0 0 0 0 0 0 0 0 0 0 0 0 0 0 0 0 0 0 0 0 0 0 0 0 0 0
0 0 0 0 0 0 0 0 0 0 0 0 0 0 0 0 0 0 0 0 0 0 0 0
##$SHAPE_PARAMETER= <>
##$SHAPE_REPHFAC= 0
##$SHAPE_RES= 0
##$SHAPE_SCALEFAC= 1
##$SHAPE_SCALETYPE= 0
##$SHAPE_SPOAL= 0
##$SHAPE_SPOFFS= 0
##$SHAPE_SPOPH= 0
##$SHAPE_TOTROT= 180
##$SHAPE_TYPE= <Inversion>
##$SHAPE_USER_DEF= 0
##$SHAPE_VERSION= 2.1
##$SHL_ADDPHASE= (0..15)
0 0 0 0 0 0 0 0 0 0 0 0 0 0 0 0
##$SHL_ALIGNOFFSET= (0..15)
0 0 0 0 0 0 0 0 0 0 0 0 0 0 0 0
##$SHL_AMP= (0..15)
100 0 0 0 0 0 0 0 0 0 0 0 0 0 0 0
##$SHL_AMPFAC= (0..15)
0 0 0 0 0 0 0 0 0 0 0 0 0 0 0 0
##$SHL_BETA= (0..15)
0 0 0 0 0 0 0 0 0 0 0 0 0 0 0 0
##$SHL_BWFAC= (0..15)
36.568 0 0 0 0 0 0 0 0 0 0 0 0 0 0 0
##$SHL_CALCBW= (0..15)
yes yes yes yes yes yes yes yes yes yes yes yes yes yes yes yes
##$SHL_CALCINTEG= (0..15)
yes yes yes yes yes yes yes yes yes yes yes yes yes yes yes yes
##$SHL_CENTERAMP= (0..15)
0 0 0 0 0 0 0 0 0 0 0 0 0 0 0 0
##$SHL_CYCNUM= (0..15)
0 0 0 0 0 0 0 0 0 0 0 0 0 0 0 0
##$SHL_DIPOLCPL= (0..15)
0 0 0 0 0 0 0 0 0 0 0 0 0 0 0 0
##$SHL_ENDAMP= (0..15)
0 0 0 0 0 0 0 0 0 0 0 0 0 0 0 0
##$SHL_EXMODE= (0..15)
<Adiabatic> <> <> <> <> <> <> <> <> <> <> <> <> <> <> <>
##$SHL_EXPAND= (0..15)
<> <> <> <> <> <> <> <> <> <> <> <> <> <> <> <>
##$SHL_EXPANDCF0= (0..143)
0 0 0 0 0 0 0 0 0 0 0 0 0 0 0 0 0 0 0 0 0 0 0 0 0 0 0 0 0 0 0 0 0 0 0 0
0 0 0 0 0 0 0 0 0 0 0 0 0 0 0 0 0 0 0 0 0 0 0 0 0 0 0 0 0 0 0 0 0 0 0 0
0 0 0 0 0 0 0 0 0 0 0 0 0 0 0 0 0 0 0 0 0 0 0 0 0 0 0 0 0 0 0 0 0 0 0 0
0 0 0 0 0 0 0 0 0 0 0 0 0 0 0 0 0 0 0 0 0 0 0 0 0 0 0 0 0 0 0 0 0 0 0 0
##$SHL_EXPANDCF1= (0..143)
0 0 0 0 0 0 0 0 0 0 0 0 0 0 0 0 0 0 0 0 0 0 0 0 0 0 0 0 0 0 0 0 0 0 0 0
0 0 0 0 0 0 0 0 0 0 0 0 0 0 0 0 0 0 0 0 0 0 0 0 0 0 0 0 0 0 0 0 0 0 0 0
0 0 0 0 0 0 0 0 0 0 0 0 0 0 0 0 0 0 0 0 0 0 0 0 0 0 0 0 0 0 0 0 0 0 0 0
0 0 0 0 0 0 0 0 0 0 0 0 0 0 0 0 0 0 0 0 0 0 0 0 0 0 0 0 0 0 0 0 0 0 0 0
##$SHL_EXPANDCF10= (0..143)
0 0 0 0 0 0 0 0 0 0 0 0 0 0 0 0 0 0 0 0 0 0 0 0 0 0 0 0 0 0 0 0 0 0 0 0
0 0 0 0 0 0 0 0 0 0 0 0 0 0 0 0 0 0 0 0 0 0 0 0 0 0 0 0 0 0 0 0 0 0 0 0
0 0 0 0 0 0 0 0 0 0 0 0 0 0 0 0 0 0 0 0 0 0 0 0 0 0 0 0 0 0 0 0 0 0 0 0
0 0 0 0 0 0 0 0 0 0 0 0 0 0 0 0 0 0 0 0 0 0 0 0 0 0 0 0 0 0 0 0 0 0 0 0
##$SHL_EXPANDCF11= (0..143)
0 0 0 0 0 0 0 0 0 0 0 0 0 0 0 0 0 0 0 0 0 0 0 0 0 0 0 0 0 0 0 0 0 0 0 0
0 0 0 0 0 0 0 0 0 0 0 0 0 0 0 0 0 0 0 0 0 0 0 0 0 0 0 0 0 0 0 0 0 0 0 0
0 0 0 0 0 0 0 0 0 0 0 0 0 0 0 0 0 0 0 0 0 0 0 0 0 0 0 0 0 0 0 0 0 0 0 0
0 0 0 0 0 0 0 0 0 0 0 0 0 0 0 0 0 0 0 0 0 0 0 0 0 0 0 0 0 0 0 0 0 0 0 0
##$SHL_EXPANDCF12= (0..143)
0 0 0 0 0 0 0 0 0 0 0 0 0 0 0 0 0 0 0 0 0 0 0 0 0 0 0 0 0 0 0 0 0 0 0 0
0 0 0 0 0 0 0 0 0 0 0 0 0 0 0 0 0 0 0 0 0 0 0 0 0 0 0 0 0 0 0 0 0 0 0 0
0 0 0 0 0 0 0 0 0 0 0 0 0 0 0 0 0 0 0 0 0 0 0 0 0 0 0 0 0 0 0 0 0 0 0 0
0 0 0 0 0 0 0 0 0 0 0 0 0 0 0 0 0 0 0 0 0 0 0 0 0 0 0 0 0 0 0 0 0 0 0 0
##$SHL_EXPANDCF13= (0..143)
0 0 0 0 0 0 0 0 0 0 0 0 0 0 0 0 0 0 0 0 0 0 0 0 0 0 0 0 0 0 0 0 0 0 0 0
0 0 0 0 0 0 0 0 0 0 0 0 0 0 0 0 0 0 0 0 0 0 0 0 0 0 0 0 0 0 0 0 0 0 0 0
0 0 0 0 0 0 0 0 0 0 0 0 0 0 0 0 0 0 0 0 0 0 0 0 0 0 0 0 0 0 0 0 0 0 0 0
0 0 0 0 0 0 0 0 0 0 0 0 0 0 0 0 0 0 0 0 0 0 0 0 0 0 0 0 0 0 0 0 0 0 0 0
##$SHL_EXPANDCF14= (0..143)
0 0 0 0 0 0 0 0 0 0 0 0 0 0 0 0 0 0 0 0 0 0 0 0 0 0 0 0 0 0 0 0 0 0 0 0
0 0 0 0 0 0 0 0 0 0 0 0 0 0 0 0 0 0 0 0 0 0 0 0 0 0 0 0 0 0 0 0 0 0 0 0
0 0 0 0 0 0 0 0 0 0 0 0 0 0 0 0 0 0 0 0 0 0 0 0 0 0 0 0 0 0 0 0 0 0 0 0
0 0 0 0 0 0 0 0 0 0 0 0 0 0 0 0 0 0 0 0 0 0 0 0 0 0 0 0 0 0 0 0 0 0 0 0
##$SHL_EXPANDCF15= (0..143)
0 0 0 0 0 0 0 0 0 0 0 0 0 0 0 0 0 0 0 0 0 0 0 0 0 0 0 0 0 0 0 0 0 0 0 0
0 0 0 0 0 0 0 0 0 0 0 0 0 0 0 0 0 0 0 0 0 0 0 0 0 0 0 0 0 0 0 0 0 0 0 0
0 0 0 0 0 0 0 0 0 0 0 0 0 0 0 0 0 0 0 0 0 0 0 0 0 0 0 0 0 0 0 0 0 0 0 0
0 0 0 0 0 0 0 0 0 0 0 0 0 0 0 0 0 0 0 0 0 0 0 0 0 0 0 0 0 0 0 0 0 0 0 0
##$SHL_EXPANDCF2= (0..143)
0 0 0 0 0 0 0 0 0 0 0 0 0 0 0 0 0 0 0 0 0 0 0 0 0 0 0 0 0 0 0 0 0 0 0 0
0 0 0 0 0 0 0 0 0 0 0 0 0 0 0 0 0 0 0 0 0 0 0 0 0 0 0 0 0 0 0 0 0 0 0 0
0 0 0 0 0 0 0 0 0 0 0 0 0 0 0 0 0 0 0 0 0 0 0 0 0 0 0 0 0 0 0 0 0 0 0 0
0 0 0 0 0 0 0 0 0 0 0 0 0 0 0 0 0 0 0 0 0 0 0 0 0 0 0 0 0 0 0 0 0 0 0 0
##$SHL_EXPANDCF3= (0..143)
0 0 0 0 0 0 0 0 0 0 0 0 0 0 0 0 0 0 0 0 0 0 0 0 0 0 0 0 0 0 0 0 0 0 0 0
0 0 0 0 0 0 0 0 0 0 0 0 0 0 0 0 0 0 0 0 0 0 0 0 0 0 0 0 0 0 0 0 0 0 0 0
0 0 0 0 0 0 0 0 0 0 0 0 0 0 0 0 0 0 0 0 0 0 0 0 0 0 0 0 0 0 0 0 0 0 0 0
0 0 0 0 0 0 0 0 0 0 0 0 0 0 0 0 0 0 0 0 0 0 0 0 0 0 0 0 0 0 0 0 0 0 0 0
##$SHL_EXPANDCF4= (0..143)
0 0 0 0 0 0 0 0 0 0 0 0 0 0 0 0 0 0 0 0 0 0 0 0 0 0 0 0 0 0 0 0 0 0 0 0
0 0 0 0 0 0 0 0 0 0 0 0 0 0 0 0 0 0 0 0 0 0 0 0 0 0 0 0 0 0 0 0 0 0 0 0
0 0 0 0 0 0 0 0 0 0 0 0 0 0 0 0 0 0 0 0 0 0 0 0 0 0 0 0 0 0 0 0 0 0 0 0
0 0 0 0 0 0 0 0 0 0 0 0 0 0 0 0 0 0 0 0 0 0 0 0 0 0 0 0 0 0 0 0 0 0 0 0
##$SHL_EXPANDCF5= (0..143)
0 0 0 0 0 0 0 0 0 0 0 0 0 0 0 0 0 0 0 0 0 0 0 0 0 0 0 0 0 0 0 0 0 0 0 0
0 0 0 0 0 0 0 0 0 0 0 0 0 0 0 0 0 0 0 0 0 0 0 0 0 0 0 0 0 0 0 0 0 0 0 0
0 0 0 0 0 0 0 0 0 0 0 0 0 0 0 0 0 0 0 0 0 0 0 0 0 0 0 0 0 0 0 0 0 0 0 0
0 0 0 0 0 0 0 0 0 0 0 0 0 0 0 0 0 0 0 0 0 0 0 0 0 0 0 0 0 0 0 0 0 0 0 0
##$SHL_EXPANDCF6= (0..143)
0 0 0 0 0 0 0 0 0 0 0 0 0 0 0 0 0 0 0 0 0 0 0 0 0 0 0 0 0 0 0 0 0 0 0 0
0 0 0 0 0 0 0 0 0 0 0 0 0 0 0 0 0 0 0 0 0 0 0 0 0 0 0 0 0 0 0 0 0 0 0 0
0 0 0 0 0 0 0 0 0 0 0 0 0 0 0 0 0 0 0 0 0 0 0 0 0 0 0 0 0 0 0 0 0 0 0 0
0 0 0 0 0 0 0 0 0 0 0 0 0 0 0 0 0 0 0 0 0 0 0 0 0 0 0 0 0 0 0 0 0 0 0 0
##$SHL_EXPANDCF7= (0..143)
0 0 0 0 0 0 0 0 0 0 0 0 0 0 0 0 0 0 0 0 0 0 0 0 0 0 0 0 0 0 0 0 0 0 0 0
0 0 0 0 0 0 0 0 0 0 0 0 0 0 0 0 0 0 0 0 0 0 0 0 0 0 0 0 0 0 0 0 0 0 0 0
0 0 0 0 0 0 0 0 0 0 0 0 0 0 0 0 0 0 0 0 0 0 0 0 0 0 0 0 0 0 0 0 0 0 0 0
0 0 0 0 0 0 0 0 0 0 0 0 0 0 0 0 0 0 0 0 0 0 0 0 0 0 0 0 0 0 0 0 0 0 0 0
##$SHL_EXPANDCF8= (0..143)
0 0 0 0 0 0 0 0 0 0 0 0 0 0 0 0 0 0 0 0 0 0 0 0 0 0 0 0 0 0 0 0 0 0 0 0
0 0 0 0 0 0 0 0 0 0 0 0 0 0 0 0 0 0 0 0 0 0 0 0 0 0 0 0 0 0 0 0 0 0 0 0
0 0 0 0 0 0 0 0 0 0 0 0 0 0 0 0 0 0 0 0 0 0 0 0 0 0 0 0 0 0 0 0 0 0 0 0
0 0 0 0 0 0 0 0 0 0 0 0 0 0 0 0 0 0 0 0 0 0 0 0 0 0 0 0 0 0 0 0 0 0 0 0
##$SHL_EXPANDCF9= (0..143)
0 0 0 0 0 0 0 0 0 0 0 0 0 0 0 0 0 0 0 0 0 0 0 0 0 0 0 0 0 0 0 0 0 0 0 0
0 0 0 0 0 0 0 0 0 0 0 0 0 0 0 0 0 0 0 0 0 0 0 0 0 0 0 0 0 0 0 0 0 0 0 0
0 0 0 0 0 0 0 0 0 0 0 0 0 0 0 0 0 0 0 0 0 0 0 0 0 0 0 0 0 0 0 0 0 0 0 0
0 0 0 0 0 0 0 0 0 0 0 0 0 0 0 0 0 0 0 0 0 0 0 0 0 0 0 0 0 0 0 0 0 0 0 0
##$SHL_EXPFAC= (0..15)
0 0 0 0 0 0 0 0 0 0 0 0 0 0 0 0
##$SHL_FRACEND= (0..15)
0 0 0 0 0 0 0 0 0 0 0 0 0 0 0 0
##$SHL_FRACORG= (0..15)
0 0 0 0 0 0 0 0 0 0 0 0 0 0 0 0
##$SHL_FRACSTART= (0..15)
0 0 0 0 0 0 0 0 0 0 0 0 0 0 0 0
##$SHL_FULLHALF= (0..15)
0 0 0 0 0 0 0 0 0 0 0 0 0 0 0 0
##$SHL_FUNCAMP= (0..15)
0 0 0 0 0 0 0 0 0 0 0 0 0 0 0 0
##$SHL_FUNCTION= (0..15)
<Wurst> <> <> <> <> <> <> <> <> <> <> <> <> <> <> <>
##$SHL_GCO= (0..15)
<> <> <> <> <> <> <> <> <> <> <> <> <> <> <> <>
##$SHL_GCOCOEFFS0= (0..59)
0 0 0 0 0 0 0 0 0 0 0 0 0 0 0 0 0 0 0 0 0 0 0 0 0 0 0 0 0 0 0 0 0 0 0 0
0 0 0 0 0 0 0 0 0 0 0 0 0 0 0 0 0 0 0 0 0 0 0 0
##$SHL_GCOCOEFFS1= (0..59)
0 0 0 0 0 0 0 0 0 0 0 0 0 0 0 0 0 0 0 0 0 0 0 0 0 0 0 0 0 0 0 0 0 0 0 0
0 0 0 0 0 0 0 0 0 0 0 0 0 0 0 0 0 0 0 0 0 0 0 0
##$SHL_GCOCOEFFS10= (0..59)
0 0 0 0 0 0 0 0 0 0 0 0 0 0 0 0 0 0 0 0 0 0 0 0 0 0 0 0 0 0 0 0 0 0 0 0
0 0 0 0 0 0 0 0 0 0 0 0 0 0 0 0 0 0 0 0 0 0 0 0
##$SHL_GCOCOEFFS11= (0..59)
0 0 0 0 0 0 0 0 0 0 0 0 0 0 0 0 0 0 0 0 0 0 0 0 0 0 0 0 0 0 0 0 0 0 0 0
0 0 0 0 0 0 0 0 0 0 0 0 0 0 0 0 0 0 0 0 0 0 0 0
##$SHL_GCOCOEFFS12= (0..59)
0 0 0 0 0 0 0 0 0 0 0 0 0 0 0 0 0 0 0 0 0 0 0 0 0 0 0 0 0 0 0 0 0 0 0 0
0 0 0 0 0 0 0 0 0 0 0 0 0 0 0 0 0 0 0 0 0 0 0 0
##$SHL_GCOCOEFFS13= (0..59)
0 0 0 0 0 0 0 0 0 0 0 0 0 0 0 0 0 0 0 0 0 0 0 0 0 0 0 0 0 0 0 0 0 0 0 0
0 0 0 0 0 0 0 0 0 0 0 0 0 0 0 0 0 0 0 0 0 0 0 0
##$SHL_GCOCOEFFS14= (0..59)
0 0 0 0 0 0 0 0 0 0 0 0 0 0 0 0 0 0 0 0 0 0 0 0 0 0 0 0 0 0 0 0 0 0 0 0
0 0 0 0 0 0 0 0 0 0 0 0 0 0 0 0 0 0 0 0 0 0 0 0
##$SHL_GCOCOEFFS15= (0..59)
0 0 0 0 0 0 0 0 0 0 0 0 0 0 0 0 0 0 0 0 0 0 0 0 0 0 0 0 0 0 0 0 0 0 0 0
0 0 0 0 0 0 0 0 0 0 0 0 0 0 0 0 0 0 0 0 0 0 0 0
##$SHL_GCOCOEFFS2= (0..59)
0 0 0 0 0 0 0 0 0 0 0 0 0 0 0 0 0 0 0 0 0 0 0 0 0 0 0 0 0 0 0 0 0 0 0 0
0 0 0 0 0 0 0 0 0 0 0 0 0 0 0 0 0 0 0 0 0 0 0 0
##$SHL_GCOCOEFFS3= (0..59)
0 0 0 0 0 0 0 0 0 0 0 0 0 0 0 0 0 0 0 0 0 0 0 0 0 0 0 0 0 0 0 0 0 0 0 0
0 0 0 0 0 0 0 0 0 0 0 0 0 0 0 0 0 0 0 0 0 0 0 0
##$SHL_GCOCOEFFS4= (0..59)
0 0 0 0 0 0 0 0 0 0 0 0 0 0 0 0 0 0 0 0 0 0 0 0 0 0 0 0 0 0 0 0 0 0 0 0
0 0 0 0 0 0 0 0 0 0 0 0 0 0 0 0 0 0 0 0 0 0 0 0
##$SHL_GCOCOEFFS5= (0..59)
0 0 0 0 0 0 0 0 0 0 0 0 0 0 0 0 0 0 0 0 0 0 0 0 0 0 0 0 0 0 0 0 0 0 0 0
0 0 0 0 0 0 0 0 0 0 0 0 0 0 0 0 0 0 0 0 0 0 0 0
##$SHL_GCOCOEFFS6= (0..59)
0 0 0 0 0 0 0 0 0 0 0 0 0 0 0 0 0 0 0 0 0 0 0 0 0 0 0 0 0 0 0 0 0 0 0 0
0 0 0 0 0 0 0 0 0 0 0 0 0 0 0 0 0 0 0 0 0 0 0 0
##$SHL_GCOCOEFFS7= (0..59)
0 0 0 0 0 0 0 0 0 0 0 0 0 0 0 0 0 0 0 0 0 0 0 0 0 0 0 0 0 0 0 0 0 0 0 0
0 0 0 0 0 0 0 0 0 0 0 0 0 0 0 0 0 0 0 0 0 0 0 0
##$SHL_GCOCOEFFS8= (0..59)
0 0 0 0 0 0 0 0 0 0 0 0 0 0 0 0 0 0 0 0 0 0 0 0 0 0 0 0 0 0 0 0 0 0 0 0
0 0 0 0 0 0 0 0 0 0 0 0 0 0 0 0 0 0 0 0 0 0 0 0
##$SHL_GCOCOEFFS9= (0..59)
0 0 0 0 0 0 0 0 0 0 0 0 0 0 0 0 0 0 0 0 0 0 0 0 0 0 0 0 0 0 0 0 0 0 0 0
0 0 0 0 0 0 0 0 0 0 0 0 0 0 0 0 0 0 0 0 0 0 0 0
##$SHL_INTEGFAC= (0..15)
0.07926655 0 0 0 0 0 0 0 0 0 0 0 0 0 0 0
##$SHL_LB= (0..15)
0 0 0 0 0 0 0 0 0 0 0 0 0 0 0 0
##$SHL_LEFTLIMIT= (0..15)
0 0 0 0 0 0 0 0 0 0 0 0 0 0 0 0
##$SHL_LENGTH= (0..15)
25 0 0 0 0 0 0 0 0 0 0 0 0 0 0 0
##$SHL_MAN= (0..15)
<> <> <> <> <> <> <> <> <> <> <> <> <> <> <> <>
##$SHL_MEANAMP= (0..15)
0 0 0 0 0 0 0 0 0 0 0 0 0 0 0 0
##$SHL_MODAMP= (0..15)
0 0 0 0 0 0 0 0 0 0 0 0 0 0 0 0
##$SHL_MODE= (0..15)
0 0 0 0 0 0 0 0 0 0 0 0 0 0 0 0
##$SHL_MODFREQ= (0..15)
0 0 0 0 0 0 0 0 0 0 0 0 0 0 0 0
##$SHL_MODPHASE= (0..15)
0 0 0 0 0 0 0 0 0 0 0 0 0 0 0 0
##$SHL_MODSCALE= (0..15)
0 0 0 0 0 0 0 0 0 0 0 0 0 0 0 0
##$SHL_MODSW= (0..15)
0 0 0 0 0 0 0 0 0 0 0 0 0 0 0 0
##$SHL_MODSWDIR= (0..15)
-1 -1 -1 -1 -1 -1 -1 -1 -1 -1 -1 -1 -1 -1 -1 -1
##$SHL_MU= (0..15)
0 0 0 0 0 0 0 0 0 0 0 0 0 0 0 0
##$SHL_NPOINTS= (0..15)
1000 0 0 0 0 0 0 0 0 0 0 0 0 0 0 0
##$SHL_OFFS= (0..15)
<> <> <> <> <> <> <> <> <> <> <> <> <> <> <> <>
##$SHL_OFFSCOEFF0= (0..95)
0 0 0 0 0 0 0 0 0 0 0 0 0 0 0 0 0 0 0 0 0 0 0 0 0 0 0 0 0 0 0 0 0 0 0 0
0 0 0 0 0 0 0 0 0 0 0 0 0 0 0 0 0 0 0 0 0 0 0 0 0 0 0 0 0 0 0 0 0 0 0 0
0 0 0 0 0 0 0 0 0 0 0 0 0 0 0 0 0 0 0 0 0 0 0 0
##$SHL_OFFSCOEFF1= (0..95)
0 0 0 0 0 0 0 0 0 0 0 0 0 0 0 0 0 0 0 0 0 0 0 0 0 0 0 0 0 0 0 0 0 0 0 0
0 0 0 0 0 0 0 0 0 0 0 0 0 0 0 0 0 0 0 0 0 0 0 0 0 0 0 0 0 0 0 0 0 0 0 0
0 0 0 0 0 0 0 0 0 0 0 0 0 0 0 0 0 0 0 0 0 0 0 0
##$SHL_OFFSCOEFF10= (0..95)
0 0 0 0 0 0 0 0 0 0 0 0 0 0 0 0 0 0 0 0 0 0 0 0 0 0 0 0 0 0 0 0 0 0 0 0
0 0 0 0 0 0 0 0 0 0 0 0 0 0 0 0 0 0 0 0 0 0 0 0 0 0 0 0 0 0 0 0 0 0 0 0
0 0 0 0 0 0 0 0 0 0 0 0 0 0 0 0 0 0 0 0 0 0 0 0
##$SHL_OFFSCOEFF11= (0..95)
0 0 0 0 0 0 0 0 0 0 0 0 0 0 0 0 0 0 0 0 0 0 0 0 0 0 0 0 0 0 0 0 0 0 0 0
0 0 0 0 0 0 0 0 0 0 0 0 0 0 0 0 0 0 0 0 0 0 0 0 0 0 0 0 0 0 0 0 0 0 0 0
0 0 0 0 0 0 0 0 0 0 0 0 0 0 0 0 0 0 0 0 0 0 0 0
##$SHL_OFFSCOEFF12= (0..95)
0 0 0 0 0 0 0 0 0 0 0 0 0 0 0 0 0 0 0 0 0 0 0 0 0 0 0 0 0 0 0 0 0 0 0 0
0 0 0 0 0 0 0 0 0 0 0 0 0 0 0 0 0 0 0 0 0 0 0 0 0 0 0 0 0 0 0 0 0 0 0 0
0 0 0 0 0 0 0 0 0 0 0 0 0 0 0 0 0 0 0 0 0 0 0 0
##$SHL_OFFSCOEFF13= (0..95)
0 0 0 0 0 0 0 0 0 0 0 0 0 0 0 0 0 0 0 0 0 0 0 0 0 0 0 0 0 0 0 0 0 0 0 0
0 0 0 0 0 0 0 0 0 0 0 0 0 0 0 0 0 0 0 0 0 0 0 0 0 0 0 0 0 0 0 0 0 0 0 0
0 0 0 0 0 0 0 0 0 0 0 0 0 0 0 0 0 0 0 0 0 0 0 0
##$SHL_OFFSCOEFF14= (0..95)
0 0 0 0 0 0 0 0 0 0 0 0 0 0 0 0 0 0 0 0 0 0 0 0 0 0 0 0 0 0 0 0 0 0 0 0
0 0 0 0 0 0 0 0 0 0 0 0 0 0 0 0 0 0 0 0 0 0 0 0 0 0 0 0 0 0 0 0 0 0 0 0
0 0 0 0 0 0 0 0 0 0 0 0 0 0 0 0 0 0 0 0 0 0 0 0
##$SHL_OFFSCOEFF15= (0..95)
0 0 0 0 0 0 0 0 0 0 0 0 0 0 0 0 0 0 0 0 0 0 0 0 0 0 0 0 0 0 0 0 0 0 0 0
0 0 0 0 0 0 0 0 0 0 0 0 0 0 0 0 0 0 0 0 0 0 0 0 0 0 0 0 0 0 0 0 0 0 0 0
0 0 0 0 0 0 0 0 0 0 0 0 0 0 0 0 0 0 0 0 0 0 0 0
##$SHL_OFFSCOEFF2= (0..95)
0 0 0 0 0 0 0 0 0 0 0 0 0 0 0 0 0 0 0 0 0 0 0 0 0 0 0 0 0 0 0 0 0 0 0 0
0 0 0 0 0 0 0 0 0 0 0 0 0 0 0 0 0 0 0 0 0 0 0 0 0 0 0 0 0 0 0 0 0 0 0 0
0 0 0 0 0 0 0 0 0 0 0 0 0 0 0 0 0 0 0 0 0 0 0 0
##$SHL_OFFSCOEFF3= (0..95)
0 0 0 0 0 0 0 0 0 0 0 0 0 0 0 0 0 0 0 0 0 0 0 0 0 0 0 0 0 0 0 0 0 0 0 0
0 0 0 0 0 0 0 0 0 0 0 0 0 0 0 0 0 0 0 0 0 0 0 0 0 0 0 0 0 0 0 0 0 0 0 0
0 0 0 0 0 0 0 0 0 0 0 0 0 0 0 0 0 0 0 0 0 0 0 0
##$SHL_OFFSCOEFF4= (0..95)
0 0 0 0 0 0 0 0 0 0 0 0 0 0 0 0 0 0 0 0 0 0 0 0 0 0 0 0 0 0 0 0 0 0 0 0
0 0 0 0 0 0 0 0 0 0 0 0 0 0 0 0 0 0 0 0 0 0 0 0 0 0 0 0 0 0 0 0 0 0 0 0
0 0 0 0 0 0 0 0 0 0 0 0 0 0 0 0 0 0 0 0 0 0 0 0
##$SHL_OFFSCOEFF5= (0..95)
0 0 0 0 0 0 0 0 0 0 0 0 0 0 0 0 0 0 0 0 0 0 0 0 0 0 0 0 0 0 0 0 0 0 0 0
0 0 0 0 0 0 0 0 0 0 0 0 0 0 0 0 0 0 0 0 0 0 0 0 0 0 0 0 0 0 0 0 0 0 0 0
0 0 0 0 0 0 0 0 0 0 0 0 0 0 0 0 0 0 0 0 0 0 0 0
##$SHL_OFFSCOEFF6= (0..95)
0 0 0 0 0 0 0 0 0 0 0 0 0 0 0 0 0 0 0 0 0 0 0 0 0 0 0 0 0 0 0 0 0 0 0 0
0 0 0 0 0 0 0 0 0 0 0 0 0 0 0 0 0 0 0 0 0 0 0 0 0 0 0 0 0 0 0 0 0 0 0 0
0 0 0 0 0 0 0 0 0 0 0 0 0 0 0 0 0 0 0 0 0 0 0 0
##$SHL_OFFSCOEFF7= (0..95)
0 0 0 0 0 0 0 0 0 0 0 0 0 0 0 0 0 0 0 0 0 0 0 0 0 0 0 0 0 0 0 0 0 0 0 0
0 0 0 0 0 0 0 0 0 0 0 0 0 0 0 0 0 0 0 0 0 0 0 0 0 0 0 0 0 0 0 0 0 0 0 0
0 0 0 0 0 0 0 0 0 0 0 0 0 0 0 0 0 0 0 0 0 0 0 0
##$SHL_OFFSCOEFF8= (0..95)
0 0 0 0 0 0 0 0 0 0 0 0 0 0 0 0 0 0 0 0 0 0 0 0 0 0 0 0 0 0 0 0 0 0 0 0
0 0 0 0 0 0 0 0 0 0 0 0 0 0 0 0 0 0 0 0 0 0 0 0 0 0 0 0 0 0 0 0 0 0 0 0
0 0 0 0 0 0 0 0 0 0 0 0 0 0 0 0 0 0 0 0 0 0 0 0
##$SHL_OFFSCOEFF9= (0..95)
0 0 0 0 0 0 0 0 0 0 0 0 0 0 0 0 0 0 0 0 0 0 0 0 0 0 0 0 0 0 0 0 0 0 0 0
0 0 0 0 0 0 0 0 0 0 0 0 0 0 0 0 0 0 0 0 0 0 0 0 0 0 0 0 0 0 0 0 0 0 0 0
0 0 0 0 0 0 0 0 0 0 0 0 0 0 0 0 0 0 0 0 0 0 0 0
##$SHL_PHASE= (0..15)
0 0 0 0 0 0 0 0 0 0 0 0 0 0 0 0
##$SHL_PHASEFAC= (0..15)
0 0 0 0 0 0 0 0 0 0 0 0 0 0 0 0
##$SHL_POWERINDEX= (0..15)
20 0 0 0 0 0 0 0 0 0 0 0 0 0 0 0
##$SHL_QUADCOEFF= (0..15)
0 0 0 0 0 0 0 0 0 0 0 0 0 0 0 0
##$SHL_RIGHTLIMIT= (0..15)
0 0 0 0 0 0 0 0 0 0 0 0 0 0 0 0
##$SHL_SCALEFACTOR= (0..15)
1 1 1 1 1 1 1 1 1 1 1 1 1 1 1 1
##$SHL_SF= (0..15)
<> <> <> <> <> <> <> <> <> <> <> <> <> <> <> <>
##$SHL_SFCOEFFS0= (0..200)
0 0 0 0 0 0 0 0 0 0 0 0 0 0 0 0 0 0 0 0 0 0 0 0 0 0 0 0 0 0 0 0 0 0 0 0
0 0 0 0 0 0 0 0 0 0 0 0 0 0 0 0 0 0 0 0 0 0 0 0 0 0 0 0 0 0 0 0 0 0 0 0
0 0 0 0 0 0 0 0 0 0 0 0 0 0 0 0 0 0 0 0 0 0 0 0 0 0 0 0 0 0 0 0 0 0 0 0
0 0 0 0 0 0 0 0 0 0 0 0 0 0 0 0 0 0 0 0 0 0 0 0 0 0 0 0 0 0 0 0 0 0 0 0
0 0 0 0 0 0 0 0 0 0 0 0 0 0 0 0 0 0 0 0 0 0 0 0 0 0 0 0 0 0 0 0 0 0 0 0
0 0 0 0 0 0 0 0 0 0 0 0 0 0 0 0 0 0 0 0 0
##$SHL_SFCOEFFS1= (0..200)
0 0 0 0 0 0 0 0 0 0 0 0 0 0 0 0 0 0 0 0 0 0 0 0 0 0 0 0 0 0 0 0 0 0 0 0
0 0 0 0 0 0 0 0 0 0 0 0 0 0 0 0 0 0 0 0 0 0 0 0 0 0 0 0 0 0 0 0 0 0 0 0
0 0 0 0 0 0 0 0 0 0 0 0 0 0 0 0 0 0 0 0 0 0 0 0 0 0 0 0 0 0 0 0 0 0 0 0
0 0 0 0 0 0 0 0 0 0 0 0 0 0 0 0 0 0 0 0 0 0 0 0 0 0 0 0 0 0 0 0 0 0 0 0
0 0 0 0 0 0 0 0 0 0 0 0 0 0 0 0 0 0 0 0 0 0 0 0 0 0 0 0 0 0 0 0 0 0 0 0
0 0 0 0 0 0 0 0 0 0 0 0 0 0 0 0 0 0 0 0 0
##$SHL_SFCOEFFS10= (0..200)
0 0 0 0 0 0 0 0 0 0 0 0 0 0 0 0 0 0 0 0 0 0 0 0 0 0 0 0 0 0 0 0 0 0 0 0
0 0 0 0 0 0 0 0 0 0 0 0 0 0 0 0 0 0 0 0 0 0 0 0 0 0 0 0 0 0 0 0 0 0 0 0
0 0 0 0 0 0 0 0 0 0 0 0 0 0 0 0 0 0 0 0 0 0 0 0 0 0 0 0 0 0 0 0 0 0 0 0
0 0 0 0 0 0 0 0 0 0 0 0 0 0 0 0 0 0 0 0 0 0 0 0 0 0 0 0 0 0 0 0 0 0 0 0
0 0 0 0 0 0 0 0 0 0 0 0 0 0 0 0 0 0 0 0 0 0 0 0 0 0 0 0 0 0 0 0 0 0 0 0
0 0 0 0 0 0 0 0 0 0 0 0 0 0 0 0 0 0 0 0 0
##$SHL_SFCOEFFS11= (0..200)
0 0 0 0 0 0 0 0 0 0 0 0 0 0 0 0 0 0 0 0 0 0 0 0 0 0 0 0 0 0 0 0 0 0 0 0
0 0 0 0 0 0 0 0 0 0 0 0 0 0 0 0 0 0 0 0 0 0 0 0 0 0 0 0 0 0 0 0 0 0 0 0
0 0 0 0 0 0 0 0 0 0 0 0 0 0 0 0 0 0 0 0 0 0 0 0 0 0 0 0 0 0 0 0 0 0 0 0
0 0 0 0 0 0 0 0 0 0 0 0 0 0 0 0 0 0 0 0 0 0 0 0 0 0 0 0 0 0 0 0 0 0 0 0
0 0 0 0 0 0 0 0 0 0 0 0 0 0 0 0 0 0 0 0 0 0 0 0 0 0 0 0 0 0 0 0 0 0 0 0
0 0 0 0 0 0 0 0 0 0 0 0 0 0 0 0 0 0 0 0 0
##$SHL_SFCOEFFS12= (0..200)
0 0 0 0 0 0 0 0 0 0 0 0 0 0 0 0 0 0 0 0 0 0 0 0 0 0 0 0 0 0 0 0 0 0 0 0
0 0 0 0 0 0 0 0 0 0 0 0 0 0 0 0 0 0 0 0 0 0 0 0 0 0 0 0 0 0 0 0 0 0 0 0
0 0 0 0 0 0 0 0 0 0 0 0 0 0 0 0 0 0 0 0 0 0 0 0 0 0 0 0 0 0 0 0 0 0 0 0
0 0 0 0 0 0 0 0 0 0 0 0 0 0 0 0 0 0 0 0 0 0 0 0 0 0 0 0 0 0 0 0 0 0 0 0
0 0 0 0 0 0 0 0 0 0 0 0 0 0 0 0 0 0 0 0 0 0 0 0 0 0 0 0 0 0 0 0 0 0 0 0
0 0 0 0 0 0 0 0 0 0 0 0 0 0 0 0 0 0 0 0 0
##$SHL_SFCOEFFS13= (0..200)
0 0 0 0 0 0 0 0 0 0 0 0 0 0 0 0 0 0 0 0 0 0 0 0 0 0 0 0 0 0 0 0 0 0 0 0
0 0 0 0 0 0 0 0 0 0 0 0 0 0 0 0 0 0 0 0 0 0 0 0 0 0 0 0 0 0 0 0 0 0 0 0
0 0 0 0 0 0 0 0 0 0 0 0 0 0 0 0 0 0 0 0 0 0 0 0 0 0 0 0 0 0 0 0 0 0 0 0
0 0 0 0 0 0 0 0 0 0 0 0 0 0 0 0 0 0 0 0 0 0 0 0 0 0 0 0 0 0 0 0 0 0 0 0
0 0 0 0 0 0 0 0 0 0 0 0 0 0 0 0 0 0 0 0 0 0 0 0 0 0 0 0 0 0 0 0 0 0 0 0
0 0 0 0 0 0 0 0 0 0 0 0 0 0 0 0 0 0 0 0 0
##$SHL_SFCOEFFS14= (0..200)
0 0 0 0 0 0 0 0 0 0 0 0 0 0 0 0 0 0 0 0 0 0 0 0 0 0 0 0 0 0 0 0 0 0 0 0
0 0 0 0 0 0 0 0 0 0 0 0 0 0 0 0 0 0 0 0 0 0 0 0 0 0 0 0 0 0 0 0 0 0 0 0
0 0 0 0 0 0 0 0 0 0 0 0 0 0 0 0 0 0 0 0 0 0 0 0 0 0 0 0 0 0 0 0 0 0 0 0
0 0 0 0 0 0 0 0 0 0 0 0 0 0 0 0 0 0 0 0 0 0 0 0 0 0 0 0 0 0 0 0 0 0 0 0
0 0 0 0 0 0 0 0 0 0 0 0 0 0 0 0 0 0 0 0 0 0 0 0 0 0 0 0 0 0 0 0 0 0 0 0
0 0 0 0 0 0 0 0 0 0 0 0 0 0 0 0 0 0 0 0 0
##$SHL_SFCOEFFS15= (0..200)
0 0 0 0 0 0 0 0 0 0 0 0 0 0 0 0 0 0 0 0 0 0 0 0 0 0 0 0 0 0 0 0 0 0 0 0
0 0 0 0 0 0 0 0 0 0 0 0 0 0 0 0 0 0 0 0 0 0 0 0 0 0 0 0 0 0 0 0 0 0 0 0
0 0 0 0 0 0 0 0 0 0 0 0 0 0 0 0 0 0 0 0 0 0 0 0 0 0 0 0 0 0 0 0 0 0 0 0
0 0 0 0 0 0 0 0 0 0 0 0 0 0 0 0 0 0 0 0 0 0 0 0 0 0 0 0 0 0 0 0 0 0 0 0
0 0 0 0 0 0 0 0 0 0 0 0 0 0 0 0 0 0 0 0 0 0 0 0 0 0 0 0 0 0 0 0 0 0 0 0
0 0 0 0 0 0 0 0 0 0 0 0 0 0 0 0 0 0 0 0 0
##$SHL_SFCOEFFS2= (0..200)
0 0 0 0 0 0 0 0 0 0 0 0 0 0 0 0 0 0 0 0 0 0 0 0 0 0 0 0 0 0 0 0 0 0 0 0
0 0 0 0 0 0 0 0 0 0 0 0 0 0 0 0 0 0 0 0 0 0 0 0 0 0 0 0 0 0 0 0 0 0 0 0
0 0 0 0 0 0 0 0 0 0 0 0 0 0 0 0 0 0 0 0 0 0 0 0 0 0 0 0 0 0 0 0 0 0 0 0
0 0 0 0 0 0 0 0 0 0 0 0 0 0 0 0 0 0 0 0 0 0 0 0 0 0 0 0 0 0 0 0 0 0 0 0
0 0 0 0 0 0 0 0 0 0 0 0 0 0 0 0 0 0 0 0 0 0 0 0 0 0 0 0 0 0 0 0 0 0 0 0
0 0 0 0 0 0 0 0 0 0 0 0 0 0 0 0 0 0 0 0 0
##$SHL_SFCOEFFS3= (0..200)
0 0 0 0 0 0 0 0 0 0 0 0 0 0 0 0 0 0 0 0 0 0 0 0 0 0 0 0 0 0 0 0 0 0 0 0
0 0 0 0 0 0 0 0 0 0 0 0 0 0 0 0 0 0 0 0 0 0 0 0 0 0 0 0 0 0 0 0 0 0 0 0
0 0 0 0 0 0 0 0 0 0 0 0 0 0 0 0 0 0 0 0 0 0 0 0 0 0 0 0 0 0 0 0 0 0 0 0
0 0 0 0 0 0 0 0 0 0 0 0 0 0 0 0 0 0 0 0 0 0 0 0 0 0 0 0 0 0 0 0 0 0 0 0
0 0 0 0 0 0 0 0 0 0 0 0 0 0 0 0 0 0 0 0 0 0 0 0 0 0 0 0 0 0 0 0 0 0 0 0
0 0 0 0 0 0 0 0 0 0 0 0 0 0 0 0 0 0 0 0 0
##$SHL_SFCOEFFS4= (0..200)
0 0 0 0 0 0 0 0 0 0 0 0 0 0 0 0 0 0 0 0 0 0 0 0 0 0 0 0 0 0 0 0 0 0 0 0
0 0 0 0 0 0 0 0 0 0 0 0 0 0 0 0 0 0 0 0 0 0 0 0 0 0 0 0 0 0 0 0 0 0 0 0
0 0 0 0 0 0 0 0 0 0 0 0 0 0 0 0 0 0 0 0 0 0 0 0 0 0 0 0 0 0 0 0 0 0 0 0
0 0 0 0 0 0 0 0 0 0 0 0 0 0 0 0 0 0 0 0 0 0 0 0 0 0 0 0 0 0 0 0 0 0 0 0
0 0 0 0 0 0 0 0 0 0 0 0 0 0 0 0 0 0 0 0 0 0 0 0 0 0 0 0 0 0 0 0 0 0 0 0
0 0 0 0 0 0 0 0 0 0 0 0 0 0 0 0 0 0 0 0 0
##$SHL_SFCOEFFS5= (0..200)
0 0 0 0 0 0 0 0 0 0 0 0 0 0 0 0 0 0 0 0 0 0 0 0 0 0 0 0 0 0 0 0 0 0 0 0
0 0 0 0 0 0 0 0 0 0 0 0 0 0 0 0 0 0 0 0 0 0 0 0 0 0 0 0 0 0 0 0 0 0 0 0
0 0 0 0 0 0 0 0 0 0 0 0 0 0 0 0 0 0 0 0 0 0 0 0 0 0 0 0 0 0 0 0 0 0 0 0
0 0 0 0 0 0 0 0 0 0 0 0 0 0 0 0 0 0 0 0 0 0 0 0 0 0 0 0 0 0 0 0 0 0 0 0
0 0 0 0 0 0 0 0 0 0 0 0 0 0 0 0 0 0 0 0 0 0 0 0 0 0 0 0 0 0 0 0 0 0 0 0
0 0 0 0 0 0 0 0 0 0 0 0 0 0 0 0 0 0 0 0 0
##$SHL_SFCOEFFS6= (0..200)
0 0 0 0 0 0 0 0 0 0 0 0 0 0 0 0 0 0 0 0 0 0 0 0 0 0 0 0 0 0 0 0 0 0 0 0
0 0 0 0 0 0 0 0 0 0 0 0 0 0 0 0 0 0 0 0 0 0 0 0 0 0 0 0 0 0 0 0 0 0 0 0
0 0 0 0 0 0 0 0 0 0 0 0 0 0 0 0 0 0 0 0 0 0 0 0 0 0 0 0 0 0 0 0 0 0 0 0
0 0 0 0 0 0 0 0 0 0 0 0 0 0 0 0 0 0 0 0 0 0 0 0 0 0 0 0 0 0 0 0 0 0 0 0
0 0 0 0 0 0 0 0 0 0 0 0 0 0 0 0 0 0 0 0 0 0 0 0 0 0 0 0 0 0 0 0 0 0 0 0
0 0 0 0 0 0 0 0 0 0 0 0 0 0 0 0 0 0 0 0 0
##$SHL_SFCOEFFS7= (0..200)
0 0 0 0 0 0 0 0 0 0 0 0 0 0 0 0 0 0 0 0 0 0 0 0 0 0 0 0 0 0 0 0 0 0 0 0
0 0 0 0 0 0 0 0 0 0 0 0 0 0 0 0 0 0 0 0 0 0 0 0 0 0 0 0 0 0 0 0 0 0 0 0
0 0 0 0 0 0 0 0 0 0 0 0 0 0 0 0 0 0 0 0 0 0 0 0 0 0 0 0 0 0 0 0 0 0 0 0
0 0 0 0 0 0 0 0 0 0 0 0 0 0 0 0 0 0 0 0 0 0 0 0 0 0 0 0 0 0 0 0 0 0 0 0
0 0 0 0 0 0 0 0 0 0 0 0 0 0 0 0 0 0 0 0 0 0 0 0 0 0 0 0 0 0 0 0 0 0 0 0
0 0 0 0 0 0 0 0 0 0 0 0 0 0 0 0 0 0 0 0 0
##$SHL_SFCOEFFS8= (0..200)
0 0 0 0 0 0 0 0 0 0 0 0 0 0 0 0 0 0 0 0 0 0 0 0 0 0 0 0 0 0 0 0 0 0 0 0
0 0 0 0 0 0 0 0 0 0 0 0 0 0 0 0 0 0 0 0 0 0 0 0 0 0 0 0 0 0 0 0 0 0 0 0
0 0 0 0 0 0 0 0 0 0 0 0 0 0 0 0 0 0 0 0 0 0 0 0 0 0 0 0 0 0 0 0 0 0 0 0
0 0 0 0 0 0 0 0 0 0 0 0 0 0 0 0 0 0 0 0 0 0 0 0 0 0 0 0 0 0 0 0 0 0 0 0
0 0 0 0 0 0 0 0 0 0 0 0 0 0 0 0 0 0 0 0 0 0 0 0 0 0 0 0 0 0 0 0 0 0 0 0
0 0 0 0 0 0 0 0 0 0 0 0 0 0 0 0 0 0 0 0 0
##$SHL_SFCOEFFS9= (0..200)
0 0 0 0 0 0 0 0 0 0 0 0 0 0 0 0 0 0 0 0 0 0 0 0 0 0 0 0 0 0 0 0 0 0 0 0
0 0 0 0 0 0 0 0 0 0 0 0 0 0 0 0 0 0 0 0 0 0 0 0 0 0 0 0 0 0 0 0 0 0 0 0
0 0 0 0 0 0 0 0 0 0 0 0 0 0 0 0 0 0 0 0 0 0 0 0 0 0 0 0 0 0 0 0 0 0 0 0
0 0 0 0 0 0 0 0 0 0 0 0 0 0 0 0 0 0 0 0 0 0 0 0 0 0 0 0 0 0 0 0 0 0 0 0
0 0 0 0 0 0 0 0 0 0 0 0 0 0 0 0 0 0 0 0 0 0 0 0 0 0 0 0 0 0 0 0 0 0 0 0
0 0 0 0 0 0 0 0 0 0 0 0 0 0 0 0 0 0 0 0 0
##$SHL_SMOOTHED= (0..15)
0 0 0 0 0 0 0 0 0 0 0 0 0 0 0 0
##$SHL_SMOOTHING= (0..15)
0 0 0 0 0 0 0 0 0 0 0 0 0 0 0 0
##$SHL_SPOAL= (0..15)
0 0 0 0 0 0 0 0 0 0 0 0 0 0 0 0
##$SHL_SPOFFS= (0..15)
0 0 0 0 0 0 0 0 0 0 0 0 0 0 0 0
##$SHL_SPOPH= (0..15)
0 0 0 0 0 0 0 0 0 0 0 0 0 0 0 0
##$SHL_STARTAMP= (0..15)
0 0 0 0 0 0 0 0 0 0 0 0 0 0 0 0
##$SHL_SW= (0..15)
2000000 0 0 0 0 0 0 0 0 0 0 0 0 0 0 0
##$SHL_SWDIR= (0..15)
-1 -1 -1 -1 -1 -1 -1 -1 -1 -1 -1 -1 -1 -1 -1 -1
##$SHL_TANKAPPA= (0..15)
0 0 0 0 0 0 0 0 0 0 0 0 0 0 0 0
##$SHL_TOTROT= (0..15)
180 0 0 0 0 0 0 0 0 0 0 0 0 0 0 0
##$SHL_TRUNCLEV= (0..15)
0 0 0 0 0 0 0 0 0 0 0 0 0 0 0 0
##$SHL_TYPE= (0..15)
<Inversion> <> <> <> <> <> <> <> <> <> <> <> <> <> <> <>
##$SHL_WINDOWSIZE= (0..15)
0 0 0 0 0 0 0 0 0 0 0 0 0 0 0 0
##$SHL_ZETA= (0..15)
0 0 0 0 0 0 0 0 0 0 0 0 0 0 0 0
##NPOINTS= 1000
##XYPOINTS= (XY..XY)
0.000000, 85.502250
0.009889, 76.520250
0.039550, 67.556250
0.088966, 58.610250
0.158109, 49.682250
0.246939, 40.772250
0.355405, 31.880250
0.483446, 23.006250
0.630988, 14.150250
0.797946, 5.312250
0.984225, 356.492250
1.189719, 347.690250
1.414311, 338.906250
1.657873, 330.140250
1.920267, 321.392250
2.201344, 312.662250
2.500944, 303.950250
2.818898, 295.256250
3.155026, 286.580250
3.509140, 277.922250
3.881041, 269.282250
4.270518, 260.660250
4.677356, 252.056250
5.101327, 243.470250
5.542194, 234.902250
5.999714, 226.352250
6.473632, 217.820250
6.963688, 209.306250
7.469613, 200.810250
7.991127, 192.332250
8.527948, 183.872250
9.079782, 175.430250
9.646331, 167.006250
10.227288, 158.600250
10.822342, 150.212250
11.431172, 141.842250
12.053454, 133.490250
12.688859, 125.156250
13.337050, 116.840250
13.997685, 108.542250
14.670420, 100.262250
15.354904, 92.000250
16.050782, 83.756250
16.757696, 75.530250
17.475283, 67.322250
18.203178, 59.132250
18.941013, 50.960250
19.688415, 42.806250
20.445011, 34.670250
21.210426, 26.552250
21.984280, 18.452250
22.766196, 10.370250
23.555791, 2.306250
24.352686, 354.260250
25.156496, 346.232250
25.966841, 338.222250
26.783336, 330.230250
27.605601, 322.256250
28.433252, 314.300250
29.265909, 306.362250
30.103191, 298.442250
30.944720, 290.540250
31.790119, 282.656250
32.639012, 274.790250
33.491027, 266.942250
34.345793, 259.112250
35.202941, 251.300250
36.062108, 243.506250
36.922930, 235.730250
37.785049, 227.972250
38.648112, 220.232250
39.511765, 212.510250
40.375664, 204.806250
41.239464, 197.120250
42.102828, 189.452250
42.965422, 181.802250
43.826918, 174.170250
44.686992, 166.556250
45.545327, 158.960250
46.401608, 151.382250
47.255529, 143.822250
48.106789, 136.280250
48.955092, 128.756250
49.800148, 121.250250
50.641675, 113.762250
51.479394, 106.292250
52.313036, 98.840250
53.142336, 91.406250
53.967037, 83.990250
54.786888, 76.592250
55.601646, 69.212250
56.411072, 61.850250
57.214939, 54.506250
58.013021, 47.180250
58.805104, 39.872250
59.590980, 32.582250
60.370445, 25.310250
61.143307, 18.056250
61.909378, 10.820250
62.668479, 3.602250
63.420436, 356.402250
64.165086, 349.220250
64.902269, 342.056250
65.631837, 334.910250
66.353645, 327.782250
67.067557, 320.672250
67.773445, 313.580250
68.471187, 306.506250
69.160669, 299.450250
69.841784, 292.412250
70.514431, 285.392250
71.178517, 278.390250
71.833955, 271.406250
72.480667, 264.440250
73.118580, 257.492250
73.747628, 250.562250
74.367751, 243.650250
74.978898, 236.756250
75.581021, 229.880250
76.174080, 223.022250
76.758043, 216.182250
77.332881, 209.360250
77.898574, 202.556250
78.455105, 195.770250
79.002464, 189.002250
79.540649, 182.252250
80.069659, 175.520250
80.589503, 168.806250
81.100192, 162.110250
81.601745, 155.432250
82.094182, 148.772250
82.577533, 142.130250
83.051829, 135.506250
83.517106, 128.900250
83.973407, 122.312250
84.420777, 115.742250
84.859266, 109.190250
85.288928, 102.656250
85.709821, 96.140250
86.122006, 89.642250
86.525551, 83.162250
86.920522, 76.700250
87.306993, 70.256250
87.685039, 63.830250
88.054739, 57.422250
88.416174, 51.032250
88.769429, 44.660250
89.114591, 38.306250
89.451749, 31.970250
89.780995, 25.652250
90.102425, 19.352250
90.416133, 13.070250
90.722218, 6.806250
91.020780, 0.560250
91.311922, 354.332250
91.595746, 348.122250
91.872358, 341.930250
92.141864, 335.756250
92.404370, 329.600250
92.659987, 323.462250
92.908822, 317.342250
93.150987, 311.240250
93.386592, 305.156250
93.615750, 299.090250
93.838572, 293.042250
94.055171, 287.012250
94.265660, 281.000250
94.470152, 275.006250
94.668760, 269.030250
94.861598, 263.072250
95.048779, 257.132250
95.230415, 251.210250
95.406620, 245.306250
95.577506, 239.420250
95.743184, 233.552250
95.903767, 227.702250
96.059365, 221.870250
96.210088, 216.056250
96.356046, 210.260250
96.497349, 204.482250
96.634102, 198.722250
96.766415, 192.980250
96.894392, 187.256250
97.018139, 181.550250
97.137759, 175.862250
97.253356, 170.192250
97.365031, 164.540250
97.472885, 158.906250
97.577016, 153.290250
97.677523, 147.692250
97.774502, 142.112250
97.868049, 136.550250
97.958257, 131.006250
98.045219, 125.480250
98.129025, 119.972250
98.209766, 114.482250
98.287529, 109.010250
98.362400, 103.556250
98.434466, 98.120250
98.503808, 92.702250
98.570510, 87.302250
98.634651, 81.920250
98.696310, 76.556250
98.755565, 71.210250
98.812490, 65.882250
98.867161, 60.572250
98.919649, 55.280250
98.970026, 50.006250
99.018361, 44.750250
99.064721, 39.512250
99.109173, 34.292250
99.151781, 29.090250
99.192608, 23.906250
99.231717, 18.740250
99.269166, 13.592250
99.305015, 8.462250
99.339320, 3.350250
99.372137, 358.256250
99.403520, 353.180250
99.433521, 348.122250
99.462192, 343.082250
99.489582, 338.060250
99.515739, 333.056250
99.540711, 328.070250
99.564542, 323.102250
99.587278, 318.152250
99.608961, 313.220250
99.629632, 308.306250
99.649331, 303.410250
99.668099, 298.532250
99.685972, 293.672250
99.702987, 288.830250
99.719179, 284.006250
99.734584, 279.200250
99.749233, 274.412250
99.763158, 269.642250
99.776392, 264.890250
99.788963, 260.156250
99.800900, 255.440250
99.812231, 250.742250
99.822983, 246.062250
99.833181, 241.400250
99.842851, 236.756250
99.852016, 232.130250
99.860699, 227.522250
99.868923, 222.932250
99.876709, 218.360250
99.884077, 213.806250
99.891047, 209.270250
99.897638, 204.752250
99.903868, 200.252250
99.909755, 195.770250
99.915315, 191.306250
99.920565, 186.860250
99.925519, 182.432250
99.930192, 178.022250
99.934599, 173.630250
99.938753, 169.256250
99.942667, 164.900250
99.946354, 160.562250
99.949824, 156.242250
99.953089, 151.940250
99.956161, 147.656250
99.959049, 143.390250
99.961764, 139.142250
99.964314, 134.912250
99.966708, 130.700250
99.968956, 126.506250
99.971064, 122.330250
99.973042, 118.172250
99.974895, 114.032250
99.976632, 109.910250
99.978259, 105.806250
99.979781, 101.720250
99.981206, 97.652250
99.982538, 93.602250
99.983784, 89.570250
99.984948, 85.556250
99.986035, 81.560250
99.987050, 77.582250
99.987996, 73.622250
99.988879, 69.680250
99.989702, 65.756250
99.990469, 61.850250
99.991184, 57.962250
99.991848, 54.092250
99.992467, 50.240250
99.993042, 46.406250
99.993576, 42.590250
99.994073, 38.792250
99.994534, 35.012250
99.994962, 31.250250
99.995359, 27.506250
99.995726, 23.780250
99.996067, 20.072250
99.996383, 16.382250
99.996675, 12.710250
99.996945, 9.056250
99.997195, 5.420250
99.997426, 1.802250
99.997639, 358.202250
99.997836, 354.620250
99.998017, 351.056250
99.998185, 347.510250
99.998339, 343.982250
99.998481, 340.472250
99.998612, 336.980250
99.998732, 333.506250
99.998842, 330.050250
99.998944, 326.612250
99.999037, 323.192250
99.999123, 319.790250
99.999201, 316.406250
99.999273, 313.040250
99.999339, 309.692250
99.999399, 306.362250
99.999454, 303.050250
99.999505, 299.756250
99.999551, 296.480250
99.999593, 293.222250
99.999631, 289.982250
99.999666, 286.760250
99.999698, 283.556250
99.999727, 280.370250
99.999754, 277.202250
99.999778, 274.052250
99.999799, 270.920250
99.999819, 267.806250
99.999837, 264.710250
99.999853, 261.632250
99.999868, 258.572250
99.999882, 255.530250
99.999894, 252.506250
99.999905, 249.500250
99.999915, 246.512250
99.999923, 243.542250
99.999931, 240.590250
99.999939, 237.656250
99.999945, 234.740250
99.999951, 231.842250
99.999956, 228.962250
99.999961, 226.100250
99.999965, 223.256250
99.999969, 220.430250
99.999973, 217.622250
99.999976, 214.832250
99.999978, 212.060250
99.999981, 209.306250
99.999983, 206.570250
99.999985, 203.852250
99.999987, 201.152250
99.999988, 198.470250
99.999990, 195.806250
99.999991, 193.160250
99.999992, 190.532250
99.999993, 187.922250
99.999994, 185.330250
99.999995, 182.756250
99.999995, 180.200250
99.999996, 177.662250
99.999996, 175.142250
99.999997, 172.640250
99.999997, 170.156250
99.999998, 167.690250
99.999998, 165.242250
99.999998, 162.812250
99.999998, 160.400250
99.999999, 158.006250
99.999999, 155.630250
99.999999, 153.272250
99.999999, 150.932250
99.999999, 148.610250
99.999999, 146.306250
99.999999, 144.020250
100.000000, 141.752250
100.000000, 139.502250
100.000000, 137.270250
100.000000, 135.056250
100.000000, 132.860250
100.000000, 130.682250
100.000000, 128.522250
100.000000, 126.380250
100.000000, 124.256250
100.000000, 122.150250
100.000000, 120.062250
100.000000, 117.992250
100.000000, 115.940250
100.000000, 113.906250
100.000000, 111.890250
100.000000, 109.892250
100.000000, 107.912250
100.000000, 105.950250
100.000000, 104.006250
100.000000, 102.080250
100.000000, 100.172250
100.000000, 98.282250
100.000000, 96.410250
100.000000, 94.556250
100.000000, 92.720250
100.000000, 90.902250
100.000000, 89.102250
100.000000, 87.320250
100.000000, 85.556250
100.000000, 83.810250
100.000000, 82.082250
100.000000, 80.372250
100.000000, 78.680250
100.000000, 77.006250
100.000000, 75.350250
100.000000, 73.712250
100.000000, 72.092250
100.000000, 70.490250
100.000000, 68.906250
100.000000, 67.340250
100.000000, 65.792250
100.000000, 64.262250
100.000000, 62.750250
100.000000, 61.256250
100.000000, 59.780250
100.000000, 58.322250
100.000000, 56.882250
100.000000, 55.460250
100.000000, 54.056250
100.000000, 52.670250
100.000000, 51.302250
100.000000, 49.952250
100.000000, 48.620250
100.000000, 47.306250
100.000000, 46.010250
100.000000, 44.732250
100.000000, 43.472250
100.000000, 42.230250
100.000000, 41.006250
100.000000, 39.800250
100.000000, 38.612250
100.000000, 37.442250
100.000000, 36.290250
100.000000, 35.156250
100.000000, 34.040250
100.000000, 32.942250
100.000000, 31.862250
100.000000, 30.800250
100.000000, 29.756250
100.000000, 28.730250
100.000000, 27.722250
100.000000, 26.732250
100.000000, 25.760250
100.000000, 24.806250
100.000000, 23.870250
100.000000, 22.952250
100.000000, 22.052250
100.000000, 21.170250
100.000000, 20.306250
100.000000, 19.460250
100.000000, 18.632250
100.000000, 17.822250
100.000000, 17.030250
100.000000, 16.256250
100.000000, 15.500250
100.000000, 14.762250
100.000000, 14.042250
100.000000, 13.340250
100.000000, 12.656250
100.000000, 11.990250
100.000000, 11.342250
100.000000, 10.712250
100.000000, 10.100250
100.000000, 9.506250
100.000000, 8.930250
100.000000, 8.372250
100.000000, 7.832250
100.000000, 7.310250
100.000000, 6.806250
100.000000, 6.320250
100.000000, 5.852250
100.000000, 5.402250
100.000000, 4.970250
100.000000, 4.556250
100.000000, 4.160250
100.000000, 3.782250
100.000000, 3.422250
100.000000, 3.080250
100.000000, 2.756250
100.000000, 2.450250
100.000000, 2.162250
100.000000, 1.892250
100.000000, 1.640250
100.000000, 1.406250
100.000000, 1.190250
100.000000, 0.992250
100.000000, 0.812250
100.000000, 0.650250
100.000000, 0.506250
100.000000, 0.380250
100.000000, 0.272250
100.000000, 0.182250
100.000000, 0.110250
100.000000, 0.056250
100.000000, 0.020250
100.000000, 0.002250
100.000000, 0.002250
100.000000, 0.020250
100.000000, 0.056250
100.000000, 0.110250
100.000000, 0.182250
100.000000, 0.272250
100.000000, 0.380250
100.000000, 0.506250
100.000000, 0.650250
100.000000, 0.812250
100.000000, 0.992250
100.000000, 1.190250
100.000000, 1.406250
100.000000, 1.640250
100.000000, 1.892250
100.000000, 2.162250
100.000000, 2.450250
100.000000, 2.756250
100.000000, 3.080250
100.000000, 3.422250
100.000000, 3.782250
100.000000, 4.160250
100.000000, 4.556250
100.000000, 4.970250
100.000000, 5.402250
100.000000, 5.852250
100.000000, 6.320250
100.000000, 6.806250
100.000000, 7.310250
100.000000, 7.832250
100.000000, 8.372250
100.000000, 8.930250
100.000000, 9.506250
100.000000, 10.100250
100.000000, 10.712250
100.000000, 11.342250
100.000000, 11.990250
100.000000, 12.656250
100.000000, 13.340250
100.000000, 14.042250
100.000000, 14.762250
100.000000, 15.500250
100.000000, 16.256250
100.000000, 17.030250
100.000000, 17.822250
100.000000, 18.632250
100.000000, 19.460250
100.000000, 20.306250
100.000000, 21.170250
100.000000, 22.052250
100.000000, 22.952250
100.000000, 23.870250
100.000000, 24.806250
100.000000, 25.760250
100.000000, 26.732250
100.000000, 27.722250
100.000000, 28.730250
100.000000, 29.756250
100.000000, 30.800250
100.000000, 31.862250
100.000000, 32.942250
100.000000, 34.040250
100.000000, 35.156250
100.000000, 36.290250
100.000000, 37.442250
100.000000, 38.612250
100.000000, 39.800250
100.000000, 41.006250
100.000000, 42.230250
100.000000, 43.472250
100.000000, 44.732250
100.000000, 46.010250
100.000000, 47.306250
100.000000, 48.620250
100.000000, 49.952250
100.000000, 51.302250
100.000000, 52.670250
100.000000, 54.056250
100.000000, 55.460250
100.000000, 56.882250
100.000000, 58.322250
100.000000, 59.780250
100.000000, 61.256250
100.000000, 62.750250
100.000000, 64.262250
100.000000, 65.792250
100.000000, 67.340250
100.000000, 68.906250
100.000000, 70.490250
100.000000, 72.092250
100.000000, 73.712250
100.000000, 75.350250
100.000000, 77.006250
100.000000, 78.680250
100.000000, 80.372250
100.000000, 82.082250
100.000000, 83.810250
100.000000, 85.556250
100.000000, 87.320250
100.000000, 89.102250
100.000000, 90.902250
100.000000, 92.720250
100.000000, 94.556250
100.000000, 96.410250
100.000000, 98.282250
100.000000, 100.172250
100.000000, 102.080250
100.000000, 104.006250
100.000000, 105.950250
100.000000, 107.912250
100.000000, 109.892250
100.000000, 111.890250
100.000000, 113.906250
100.000000, 115.940250
100.000000, 117.992250
100.000000, 120.062250
100.000000, 122.150250
100.000000, 124.256250
100.000000, 126.380250
100.000000, 128.522250
100.000000, 130.682250
100.000000, 132.860250
100.000000, 135.056250
100.000000, 137.270250
100.000000, 139.502250
100.000000, 141.752250
99.999999, 144.020250
99.999999, 146.306250
99.999999, 148.610250
99.999999, 150.932250
99.999999, 153.272250
99.999999, 155.630250
99.999999, 158.006250
99.999998, 160.400250
99.999998, 162.812250
99.999998, 165.242250
99.999998, 167.690250
99.999997, 170.156250
99.999997, 172.640250
99.999996, 175.142250
99.999996, 177.662250
99.999995, 180.200250
99.999995, 182.756250
99.999994, 185.330250
99.999993, 187.922250
99.999992, 190.532250
99.999991, 193.160250
99.999990, 195.806250
99.999988, 198.470250
99.999987, 201.152250
99.999985, 203.852250
99.999983, 206.570250
99.999981, 209.306250
99.999978, 212.060250
99.999976, 214.832250
99.999973, 217.622250
99.999969, 220.430250
99.999965, 223.256250
99.999961, 226.100250
99.999956, 228.962250
99.999951, 231.842250
99.999945, 234.740250
99.999939, 237.656250
99.999931, 240.590250
99.999923, 243.542250
99.999915, 246.512250
99.999905, 249.500250
99.999894, 252.506250
99.999882, 255.530250
99.999868, 258.572250
99.999853, 261.632250
99.999837, 264.710250
99.999819, 267.806250
99.999799, 270.920250
99.999778, 274.052250
99.999754, 277.202250
99.999727, 280.370250
99.999698, 283.556250
99.999666, 286.760250
99.999631, 289.982250
99.999593, 293.222250
99.999551, 296.480250
99.999505, 299.756250
99.999454, 303.050250
99.999399, 306.362250
99.999339, 309.692250
99.999273, 313.040250
99.999201, 316.406250
99.999123, 319.790250
99.999037, 323.192250
99.998944, 326.612250
99.998842, 330.050250
99.998732, 333.506250
99.998612, 336.980250
99.998481, 340.472250
99.998339, 343.982250
99.998185, 347.510250
99.998017, 351.056250
99.997836, 354.620250
99.997639, 358.202250
99.997426, 1.802250
99.997195, 5.420250
99.996945, 9.056250
99.996675, 12.710250
99.996383, 16.382250
99.996067, 20.072250
99.995726, 23.780250
99.995359, 27.506250
99.994962, 31.250250
99.994534, 35.012250
99.994073, 38.792250
99.993576, 42.590250
99.993042, 46.406250
99.992467, 50.240250
99.991848, 54.092250
99.991184, 57.962250
99.990469, 61.850250
99.989702, 65.756250
99.988879, 69.680250
99.987996, 73.622250
99.987050, 77.582250
99.986035, 81.560250
99.984948, 85.556250
99.983784, 89.570250
99.982538, 93.602250
99.981206, 97.652250
99.979781, 101.720250
99.978259, 105.806250
99.976632, 109.910250
99.974895, 114.032250
99.973042, 118.172250
99.971064, 122.330250
99.968956, 126.506250
99.966708, 130.700250
99.964314, 134.912250
99.961764, 139.142250
99.959049, 143.390250
99.956161, 147.656250
99.953089, 151.940250
99.949824, 156.242250
99.946354, 160.562250
99.942667, 164.900250
99.938753, 169.256250
99.934599, 173.630250
99.930192, 178.022250
99.925519, 182.432250
99.920565, 186.860250
99.915315, 191.306250
99.909755, 195.770250
99.903868, 200.252250
99.897638, 204.752250
99.891047, 209.270250
99.884077, 213.806250
99.876709, 218.360250
99.868923, 222.932250
99.860699, 227.522250
99.852016, 232.130250
99.842851, 236.756250
99.833181, 241.400250
99.822983, 246.062250
99.812231, 250.742250
99.800900, 255.440250
99.788963, 260.156250
99.776392, 264.890250
99.763158, 269.642250
99.749233, 274.412250
99.734584, 279.200250
99.719179, 284.006250
99.702987, 288.830250
99.685972, 293.672250
99.668099, 298.532250
99.649331, 303.410250
99.629632, 308.306250
99.608961, 313.220250
99.587278, 318.152250
99.564542, 323.102250
99.540711, 328.070250
99.515739, 333.056250
99.489582, 338.060250
99.462192, 343.082250
99.433521, 348.122250
99.403520, 353.180250
99.372137, 358.256250
99.339320, 3.350250
99.305015, 8.462250
99.269166, 13.592250
99.231717, 18.740250
99.192608, 23.906250
99.151781, 29.090250
99.109173, 34.292250
99.064721, 39.512250
99.018361, 44.750250
98.970026, 50.006250
98.919649, 55.280250
98.867161, 60.572250
98.812490, 65.882250
98.755565, 71.210250
98.696310, 76.556250
98.634651, 81.920250
98.570510, 87.302250
98.503808, 92.702250
98.434466, 98.120250
98.362400, 103.556250
98.287529, 109.010250
98.209766, 114.482250
98.129025, 119.972250
98.045219, 125.480250
97.958257, 131.006250
97.868049, 136.550250
97.774502, 142.112250
97.677523, 147.692250
97.577016, 153.290250
97.472885, 158.906250
97.365031, 164.540250
97.253356, 170.192250
97.137759, 175.862250
97.018139, 181.550250
96.894392, 187.256250
96.766415, 192.980250
96.634102, 198.722250
96.497349, 204.482250
96.356046, 210.260250
96.210088, 216.056250
96.059365, 221.870250
95.903767, 227.702250
95.743184, 233.552250
95.577506, 239.420250
95.406620, 245.306250
95.230415, 251.210250
95.048779, 257.132250
94.861598, 263.072250
94.668760, 269.030250
94.470152, 275.006250
94.265660, 281.000250
94.055171, 287.012250
93.838572, 293.042250
93.615750, 299.090250
93.386592, 305.156250
93.150987, 311.240250
92.908822, 317.342250
92.659987, 323.462250
92.404370, 329.600250
92.141864, 335.756250
91.872358, 341.930250
91.595746, 348.122250
91.311922, 354.332250
91.020780, 0.560250
90.722218, 6.806250
90.416133, 13.070250
90.102425, 19.352250
89.780995, 25.652250
89.451749, 31.970250
89.114591, 38.306250
88.769429, 44.660250
88.416174, 51.032250
88.054739, 57.422250
87.685039, 63.830250
87.306993, 70.256250
86.920522, 76.700250
86.525551, 83.162250
86.122006, 89.642250
85.709821, 96.140250
85.288928, 102.656250
84.859266, 109.190250
84.420777, 115.742250
83.973407, 122.312250
83.517106, 128.900250
83.051829, 135.506250
82.577533, 142.130250
82.094182, 148.772250
81.601745, 155.432250
81.100192, 162.110250
80.589503, 168.806250
80.069659, 175.520250
79.540649, 182.252250
79.002464, 189.002250
78.455105, 195.770250
77.898574, 202.556250
77.332881, 209.360250
76.758043, 216.182250
76.174080, 223.022250
75.581021, 229.880250
74.978898, 236.756250
74.367751, 243.650250
73.747628, 250.562250
73.118580, 257.492250
72.480667, 264.440250
71.833955, 271.406250
71.178517, 278.390250
70.514431, 285.392250
69.841784, 292.412250
69.160669, 299.450250
68.471187, 306.506250
67.773445, 313.580250
67.067557, 320.672250
66.353645, 327.782250
65.631837, 334.910250
64.902269, 342.056250
64.165086, 349.220250
63.420436, 356.402250
62.668479, 3.602250
61.909378, 10.820250
61.143307, 18.056250
60.370445, 25.310250
59.590980, 32.582250
58.805104, 39.872250
58.013021, 47.180250
57.214939, 54.506250
56.411072, 61.850250
55.601646, 69.212250
54.786888, 76.592250
53.967037, 83.990250
53.142336, 91.406250
52.313036, 98.840250
51.479394, 106.292250
50.641675, 113.762250
49.800148, 121.250250
48.955092, 128.756250
48.106789, 136.280250
47.255529, 143.822250
46.401608, 151.382250
45.545327, 158.960250
44.686992, 166.556250
43.826918, 174.170250
42.965422, 181.802250
42.102828, 189.452250
41.239464, 197.120250
40.375664, 204.806250
39.511765, 212.510250
38.648112, 220.232250
37.785049, 227.972250
36.922930, 235.730250
36.062108, 243.506250
35.202941, 251.300250
34.345793, 259.112250
33.491027, 266.942250
32.639012, 274.790250
31.790119, 282.656250
30.944720, 290.540250
30.103191, 298.442250
29.265909, 306.362250
28.433252, 314.300250
27.605601, 322.256250
26.783336, 330.230250
25.966841, 338.222250
25.156496, 346.232250
24.352686, 354.260250
23.555791, 2.306250
22.766196, 10.370250
21.984280, 18.452250
21.210426, 26.552250
20.445011, 34.670250
19.688415, 42.806250
18.941013, 50.960250
18.203178, 59.132250
17.475283, 67.322250
16.757696, 75.530250
16.050782, 83.756250
15.354904, 92.000250
14.670420, 100.262250
13.997685, 108.542250
13.337050, 116.840250
12.688859, 125.156250
12.053454, 133.490250
11.431172, 141.842250
10.822342, 150.212250
10.227288, 158.600250
9.646331, 167.006250
9.079782, 175.430250
8.527948, 183.872250
7.991127, 192.332250
7.469613, 200.810250
6.963688, 209.306250
6.473632, 217.820250
5.999714, 226.352250
5.542194, 234.902250
5.101327, 243.470250
4.677356, 252.056250
4.270518, 260.660250
3.881041, 269.282250
3.509140, 277.922250
3.155026, 286.580250
2.818898, 295.256250
2.500944, 303.950250
2.201344, 312.662250
1.920267, 321.392250
1.657873, 330.140250
1.414311, 338.906250
1.189719, 347.690250
0.984225, 356.492250
0.797946, 5.312250
0.630988, 14.150250
0.483446, 23.006250
0.355405, 31.880250
0.246939, 40.772250
0.158109, 49.682250
0.088966, 58.610250
0.039550, 67.556250
0.009889, 76.520250
0.000000, 85.502250
##END=
