##TITLE= Parameter file, TopSpin 4.0.6
##JCAMPDX= 5.0
##DATATYPE= Parameter Values
##ORIGIN= Bruker BioSpin GmbH
##OWNER= rschurko
$$ 2019-11-09 16:19:05.176 -0500  rschurko@600wb1.magnet.fsu.edu
$$ /opt/topspin4.0.6/exp/stan/nmr/lists/wave/user/W_50us_500kHz_1000_LtoH
$$ process /opt/topspin4.0.6/prog/mod/toolserver
##MINX= 0.00000000
##MAXX= 100.00000000
##MINY= 0.00112500
##MAXY= 359.12812500
##$SHAPE_ADDPHASE= 0
##$SHAPE_AMP= 100
##$SHAPE_BWFAC= 16.296
##$SHAPE_BWFAC50= 0
##$SHAPE_CALCBW= yes
##$SHAPE_CALCINTEG= yes
##$SHAPE_EXMODE= <Adiabatic>
##$SHAPE_EXPAND= <>
##$SHAPE_EXPANDCF= (0..143)
0 0 0 0 0 0 0 0 0 0 0 0 0 0 0 0 0 0 0 0 0 0 0 0 0 0 0 0 0 0 0 0 0 0 0 0
0 0 0 0 0 0 0 0 0 0 0 0 0 0 0 0 0 0 0 0 0 0 0 0 0 0 0 0 0 0 0 0 0 0 0 0
0 0 0 0 0 0 0 0 0 0 0 0 0 0 0 0 0 0 0 0 0 0 0 0 0 0 0 0 0 0 0 0 0 0 0 0
0 0 0 0 0 0 0 0 0 0 0 0 0 0 0 0 0 0 0 0 0 0 0 0 0 0 0 0 0 0 0 0 0 0 0 0
##$SHAPE_EXPFAC= 0
##$SHAPE_FRACEND= 0
##$SHAPE_FRACORG= 0
##$SHAPE_FRACSTART= 0
##$SHAPE_INTEGFAC= 0.11209982
##$SHAPE_KEEPRES= yes
##$SHAPE_LENGTH= 50
##$SHAPE_MAN= <>
##$SHAPE_MODE= 0
##$SHAPE_MODFREQ= 0
##$SHAPE_MODPHASE= 0
##$SHAPE_MODSCALE= 0
##$SHAPE_MODSW= 0
##$SHAPE_MODSWDIR= -1
##$SHAPE_NPOINTS= 1000
##$SHAPE_OFFS= <>
##$SHAPE_OFFSCOEFF= (0..95)
0 0 0 0 0 0 0 0 0 0 0 0 0 0 0 0 0 0 0 0 0 0 0 0 0 0 0 0 0 0 0 0 0 0 0 0
0 0 0 0 0 0 0 0 0 0 0 0 0 0 0 0 0 0 0 0 0 0 0 0 0 0 0 0 0 0 0 0 0 0 0 0
0 0 0 0 0 0 0 0 0 0 0 0 0 0 0 0 0 0 0 0 0 0 0 0
##$SHAPE_PARAMETER= <>
##$SHAPE_REPHFAC= 0
##$SHAPE_RES= 0
##$SHAPE_SCALEFAC= 1
##$SHAPE_SCALETYPE= 0
##$SHAPE_SPOAL= 0
##$SHAPE_SPOFFS= 0
##$SHAPE_SPOPH= 0
##$SHAPE_TOTROT= 180
##$SHAPE_TYPE= <Inversion>
##$SHAPE_USER_DEF= 0
##$SHAPE_VERSION= 2.1
##$SHL_ADDPHASE= (0..15)
0 0 0 0 0 0 0 0 0 0 0 0 0 0 0 0
##$SHL_ALIGNOFFSET= (0..15)
0 0 0 0 0 0 0 0 0 0 0 0 0 0 0 0
##$SHL_AMP= (0..15)
100 0 0 0 0 0 0 0 0 0 0 0 0 0 0 0
##$SHL_AMPFAC= (0..15)
0 0 0 0 0 0 0 0 0 0 0 0 0 0 0 0
##$SHL_BETA= (0..15)
0 0 0 0 0 0 0 0 0 0 0 0 0 0 0 0
##$SHL_BWFAC= (0..15)
16.296 0 0 0 0 0 0 0 0 0 0 0 0 0 0 0
##$SHL_CALCBW= (0..15)
yes yes yes yes yes yes yes yes yes yes yes yes yes yes yes yes
##$SHL_CALCINTEG= (0..15)
yes yes yes yes yes yes yes yes yes yes yes yes yes yes yes yes
##$SHL_CENTERAMP= (0..15)
0 0 0 0 0 0 0 0 0 0 0 0 0 0 0 0
##$SHL_CYCNUM= (0..15)
0 0 0 0 0 0 0 0 0 0 0 0 0 0 0 0
##$SHL_DIPOLCPL= (0..15)
0 0 0 0 0 0 0 0 0 0 0 0 0 0 0 0
##$SHL_ENDAMP= (0..15)
0 0 0 0 0 0 0 0 0 0 0 0 0 0 0 0
##$SHL_EXMODE= (0..15)
<Adiabatic> <> <> <> <> <> <> <> <> <> <> <> <> <> <> <>
##$SHL_EXPAND= (0..15)
<> <> <> <> <> <> <> <> <> <> <> <> <> <> <> <>
##$SHL_EXPANDCF0= (0..143)
0 0 0 0 0 0 0 0 0 0 0 0 0 0 0 0 0 0 0 0 0 0 0 0 0 0 0 0 0 0 0 0 0 0 0 0
0 0 0 0 0 0 0 0 0 0 0 0 0 0 0 0 0 0 0 0 0 0 0 0 0 0 0 0 0 0 0 0 0 0 0 0
0 0 0 0 0 0 0 0 0 0 0 0 0 0 0 0 0 0 0 0 0 0 0 0 0 0 0 0 0 0 0 0 0 0 0 0
0 0 0 0 0 0 0 0 0 0 0 0 0 0 0 0 0 0 0 0 0 0 0 0 0 0 0 0 0 0 0 0 0 0 0 0
##$SHL_EXPANDCF1= (0..143)
0 0 0 0 0 0 0 0 0 0 0 0 0 0 0 0 0 0 0 0 0 0 0 0 0 0 0 0 0 0 0 0 0 0 0 0
0 0 0 0 0 0 0 0 0 0 0 0 0 0 0 0 0 0 0 0 0 0 0 0 0 0 0 0 0 0 0 0 0 0 0 0
0 0 0 0 0 0 0 0 0 0 0 0 0 0 0 0 0 0 0 0 0 0 0 0 0 0 0 0 0 0 0 0 0 0 0 0
0 0 0 0 0 0 0 0 0 0 0 0 0 0 0 0 0 0 0 0 0 0 0 0 0 0 0 0 0 0 0 0 0 0 0 0
##$SHL_EXPANDCF10= (0..143)
0 0 0 0 0 0 0 0 0 0 0 0 0 0 0 0 0 0 0 0 0 0 0 0 0 0 0 0 0 0 0 0 0 0 0 0
0 0 0 0 0 0 0 0 0 0 0 0 0 0 0 0 0 0 0 0 0 0 0 0 0 0 0 0 0 0 0 0 0 0 0 0
0 0 0 0 0 0 0 0 0 0 0 0 0 0 0 0 0 0 0 0 0 0 0 0 0 0 0 0 0 0 0 0 0 0 0 0
0 0 0 0 0 0 0 0 0 0 0 0 0 0 0 0 0 0 0 0 0 0 0 0 0 0 0 0 0 0 0 0 0 0 0 0
##$SHL_EXPANDCF11= (0..143)
0 0 0 0 0 0 0 0 0 0 0 0 0 0 0 0 0 0 0 0 0 0 0 0 0 0 0 0 0 0 0 0 0 0 0 0
0 0 0 0 0 0 0 0 0 0 0 0 0 0 0 0 0 0 0 0 0 0 0 0 0 0 0 0 0 0 0 0 0 0 0 0
0 0 0 0 0 0 0 0 0 0 0 0 0 0 0 0 0 0 0 0 0 0 0 0 0 0 0 0 0 0 0 0 0 0 0 0
0 0 0 0 0 0 0 0 0 0 0 0 0 0 0 0 0 0 0 0 0 0 0 0 0 0 0 0 0 0 0 0 0 0 0 0
##$SHL_EXPANDCF12= (0..143)
0 0 0 0 0 0 0 0 0 0 0 0 0 0 0 0 0 0 0 0 0 0 0 0 0 0 0 0 0 0 0 0 0 0 0 0
0 0 0 0 0 0 0 0 0 0 0 0 0 0 0 0 0 0 0 0 0 0 0 0 0 0 0 0 0 0 0 0 0 0 0 0
0 0 0 0 0 0 0 0 0 0 0 0 0 0 0 0 0 0 0 0 0 0 0 0 0 0 0 0 0 0 0 0 0 0 0 0
0 0 0 0 0 0 0 0 0 0 0 0 0 0 0 0 0 0 0 0 0 0 0 0 0 0 0 0 0 0 0 0 0 0 0 0
##$SHL_EXPANDCF13= (0..143)
0 0 0 0 0 0 0 0 0 0 0 0 0 0 0 0 0 0 0 0 0 0 0 0 0 0 0 0 0 0 0 0 0 0 0 0
0 0 0 0 0 0 0 0 0 0 0 0 0 0 0 0 0 0 0 0 0 0 0 0 0 0 0 0 0 0 0 0 0 0 0 0
0 0 0 0 0 0 0 0 0 0 0 0 0 0 0 0 0 0 0 0 0 0 0 0 0 0 0 0 0 0 0 0 0 0 0 0
0 0 0 0 0 0 0 0 0 0 0 0 0 0 0 0 0 0 0 0 0 0 0 0 0 0 0 0 0 0 0 0 0 0 0 0
##$SHL_EXPANDCF14= (0..143)
0 0 0 0 0 0 0 0 0 0 0 0 0 0 0 0 0 0 0 0 0 0 0 0 0 0 0 0 0 0 0 0 0 0 0 0
0 0 0 0 0 0 0 0 0 0 0 0 0 0 0 0 0 0 0 0 0 0 0 0 0 0 0 0 0 0 0 0 0 0 0 0
0 0 0 0 0 0 0 0 0 0 0 0 0 0 0 0 0 0 0 0 0 0 0 0 0 0 0 0 0 0 0 0 0 0 0 0
0 0 0 0 0 0 0 0 0 0 0 0 0 0 0 0 0 0 0 0 0 0 0 0 0 0 0 0 0 0 0 0 0 0 0 0
##$SHL_EXPANDCF15= (0..143)
0 0 0 0 0 0 0 0 0 0 0 0 0 0 0 0 0 0 0 0 0 0 0 0 0 0 0 0 0 0 0 0 0 0 0 0
0 0 0 0 0 0 0 0 0 0 0 0 0 0 0 0 0 0 0 0 0 0 0 0 0 0 0 0 0 0 0 0 0 0 0 0
0 0 0 0 0 0 0 0 0 0 0 0 0 0 0 0 0 0 0 0 0 0 0 0 0 0 0 0 0 0 0 0 0 0 0 0
0 0 0 0 0 0 0 0 0 0 0 0 0 0 0 0 0 0 0 0 0 0 0 0 0 0 0 0 0 0 0 0 0 0 0 0
##$SHL_EXPANDCF2= (0..143)
0 0 0 0 0 0 0 0 0 0 0 0 0 0 0 0 0 0 0 0 0 0 0 0 0 0 0 0 0 0 0 0 0 0 0 0
0 0 0 0 0 0 0 0 0 0 0 0 0 0 0 0 0 0 0 0 0 0 0 0 0 0 0 0 0 0 0 0 0 0 0 0
0 0 0 0 0 0 0 0 0 0 0 0 0 0 0 0 0 0 0 0 0 0 0 0 0 0 0 0 0 0 0 0 0 0 0 0
0 0 0 0 0 0 0 0 0 0 0 0 0 0 0 0 0 0 0 0 0 0 0 0 0 0 0 0 0 0 0 0 0 0 0 0
##$SHL_EXPANDCF3= (0..143)
0 0 0 0 0 0 0 0 0 0 0 0 0 0 0 0 0 0 0 0 0 0 0 0 0 0 0 0 0 0 0 0 0 0 0 0
0 0 0 0 0 0 0 0 0 0 0 0 0 0 0 0 0 0 0 0 0 0 0 0 0 0 0 0 0 0 0 0 0 0 0 0
0 0 0 0 0 0 0 0 0 0 0 0 0 0 0 0 0 0 0 0 0 0 0 0 0 0 0 0 0 0 0 0 0 0 0 0
0 0 0 0 0 0 0 0 0 0 0 0 0 0 0 0 0 0 0 0 0 0 0 0 0 0 0 0 0 0 0 0 0 0 0 0
##$SHL_EXPANDCF4= (0..143)
0 0 0 0 0 0 0 0 0 0 0 0 0 0 0 0 0 0 0 0 0 0 0 0 0 0 0 0 0 0 0 0 0 0 0 0
0 0 0 0 0 0 0 0 0 0 0 0 0 0 0 0 0 0 0 0 0 0 0 0 0 0 0 0 0 0 0 0 0 0 0 0
0 0 0 0 0 0 0 0 0 0 0 0 0 0 0 0 0 0 0 0 0 0 0 0 0 0 0 0 0 0 0 0 0 0 0 0
0 0 0 0 0 0 0 0 0 0 0 0 0 0 0 0 0 0 0 0 0 0 0 0 0 0 0 0 0 0 0 0 0 0 0 0
##$SHL_EXPANDCF5= (0..143)
0 0 0 0 0 0 0 0 0 0 0 0 0 0 0 0 0 0 0 0 0 0 0 0 0 0 0 0 0 0 0 0 0 0 0 0
0 0 0 0 0 0 0 0 0 0 0 0 0 0 0 0 0 0 0 0 0 0 0 0 0 0 0 0 0 0 0 0 0 0 0 0
0 0 0 0 0 0 0 0 0 0 0 0 0 0 0 0 0 0 0 0 0 0 0 0 0 0 0 0 0 0 0 0 0 0 0 0
0 0 0 0 0 0 0 0 0 0 0 0 0 0 0 0 0 0 0 0 0 0 0 0 0 0 0 0 0 0 0 0 0 0 0 0
##$SHL_EXPANDCF6= (0..143)
0 0 0 0 0 0 0 0 0 0 0 0 0 0 0 0 0 0 0 0 0 0 0 0 0 0 0 0 0 0 0 0 0 0 0 0
0 0 0 0 0 0 0 0 0 0 0 0 0 0 0 0 0 0 0 0 0 0 0 0 0 0 0 0 0 0 0 0 0 0 0 0
0 0 0 0 0 0 0 0 0 0 0 0 0 0 0 0 0 0 0 0 0 0 0 0 0 0 0 0 0 0 0 0 0 0 0 0
0 0 0 0 0 0 0 0 0 0 0 0 0 0 0 0 0 0 0 0 0 0 0 0 0 0 0 0 0 0 0 0 0 0 0 0
##$SHL_EXPANDCF7= (0..143)
0 0 0 0 0 0 0 0 0 0 0 0 0 0 0 0 0 0 0 0 0 0 0 0 0 0 0 0 0 0 0 0 0 0 0 0
0 0 0 0 0 0 0 0 0 0 0 0 0 0 0 0 0 0 0 0 0 0 0 0 0 0 0 0 0 0 0 0 0 0 0 0
0 0 0 0 0 0 0 0 0 0 0 0 0 0 0 0 0 0 0 0 0 0 0 0 0 0 0 0 0 0 0 0 0 0 0 0
0 0 0 0 0 0 0 0 0 0 0 0 0 0 0 0 0 0 0 0 0 0 0 0 0 0 0 0 0 0 0 0 0 0 0 0
##$SHL_EXPANDCF8= (0..143)
0 0 0 0 0 0 0 0 0 0 0 0 0 0 0 0 0 0 0 0 0 0 0 0 0 0 0 0 0 0 0 0 0 0 0 0
0 0 0 0 0 0 0 0 0 0 0 0 0 0 0 0 0 0 0 0 0 0 0 0 0 0 0 0 0 0 0 0 0 0 0 0
0 0 0 0 0 0 0 0 0 0 0 0 0 0 0 0 0 0 0 0 0 0 0 0 0 0 0 0 0 0 0 0 0 0 0 0
0 0 0 0 0 0 0 0 0 0 0 0 0 0 0 0 0 0 0 0 0 0 0 0 0 0 0 0 0 0 0 0 0 0 0 0
##$SHL_EXPANDCF9= (0..143)
0 0 0 0 0 0 0 0 0 0 0 0 0 0 0 0 0 0 0 0 0 0 0 0 0 0 0 0 0 0 0 0 0 0 0 0
0 0 0 0 0 0 0 0 0 0 0 0 0 0 0 0 0 0 0 0 0 0 0 0 0 0 0 0 0 0 0 0 0 0 0 0
0 0 0 0 0 0 0 0 0 0 0 0 0 0 0 0 0 0 0 0 0 0 0 0 0 0 0 0 0 0 0 0 0 0 0 0
0 0 0 0 0 0 0 0 0 0 0 0 0 0 0 0 0 0 0 0 0 0 0 0 0 0 0 0 0 0 0 0 0 0 0 0
##$SHL_EXPFAC= (0..15)
0 0 0 0 0 0 0 0 0 0 0 0 0 0 0 0
##$SHL_FRACEND= (0..15)
0 0 0 0 0 0 0 0 0 0 0 0 0 0 0 0
##$SHL_FRACORG= (0..15)
0 0 0 0 0 0 0 0 0 0 0 0 0 0 0 0
##$SHL_FRACSTART= (0..15)
0 0 0 0 0 0 0 0 0 0 0 0 0 0 0 0
##$SHL_FULLHALF= (0..15)
0 0 0 0 0 0 0 0 0 0 0 0 0 0 0 0
##$SHL_FUNCAMP= (0..15)
0 0 0 0 0 0 0 0 0 0 0 0 0 0 0 0
##$SHL_FUNCTION= (0..15)
<Wurst> <> <> <> <> <> <> <> <> <> <> <> <> <> <> <>
##$SHL_GCO= (0..15)
<> <> <> <> <> <> <> <> <> <> <> <> <> <> <> <>
##$SHL_GCOCOEFFS0= (0..59)
0 0 0 0 0 0 0 0 0 0 0 0 0 0 0 0 0 0 0 0 0 0 0 0 0 0 0 0 0 0 0 0 0 0 0 0
0 0 0 0 0 0 0 0 0 0 0 0 0 0 0 0 0 0 0 0 0 0 0 0
##$SHL_GCOCOEFFS1= (0..59)
0 0 0 0 0 0 0 0 0 0 0 0 0 0 0 0 0 0 0 0 0 0 0 0 0 0 0 0 0 0 0 0 0 0 0 0
0 0 0 0 0 0 0 0 0 0 0 0 0 0 0 0 0 0 0 0 0 0 0 0
##$SHL_GCOCOEFFS10= (0..59)
0 0 0 0 0 0 0 0 0 0 0 0 0 0 0 0 0 0 0 0 0 0 0 0 0 0 0 0 0 0 0 0 0 0 0 0
0 0 0 0 0 0 0 0 0 0 0 0 0 0 0 0 0 0 0 0 0 0 0 0
##$SHL_GCOCOEFFS11= (0..59)
0 0 0 0 0 0 0 0 0 0 0 0 0 0 0 0 0 0 0 0 0 0 0 0 0 0 0 0 0 0 0 0 0 0 0 0
0 0 0 0 0 0 0 0 0 0 0 0 0 0 0 0 0 0 0 0 0 0 0 0
##$SHL_GCOCOEFFS12= (0..59)
0 0 0 0 0 0 0 0 0 0 0 0 0 0 0 0 0 0 0 0 0 0 0 0 0 0 0 0 0 0 0 0 0 0 0 0
0 0 0 0 0 0 0 0 0 0 0 0 0 0 0 0 0 0 0 0 0 0 0 0
##$SHL_GCOCOEFFS13= (0..59)
0 0 0 0 0 0 0 0 0 0 0 0 0 0 0 0 0 0 0 0 0 0 0 0 0 0 0 0 0 0 0 0 0 0 0 0
0 0 0 0 0 0 0 0 0 0 0 0 0 0 0 0 0 0 0 0 0 0 0 0
##$SHL_GCOCOEFFS14= (0..59)
0 0 0 0 0 0 0 0 0 0 0 0 0 0 0 0 0 0 0 0 0 0 0 0 0 0 0 0 0 0 0 0 0 0 0 0
0 0 0 0 0 0 0 0 0 0 0 0 0 0 0 0 0 0 0 0 0 0 0 0
##$SHL_GCOCOEFFS15= (0..59)
0 0 0 0 0 0 0 0 0 0 0 0 0 0 0 0 0 0 0 0 0 0 0 0 0 0 0 0 0 0 0 0 0 0 0 0
0 0 0 0 0 0 0 0 0 0 0 0 0 0 0 0 0 0 0 0 0 0 0 0
##$SHL_GCOCOEFFS2= (0..59)
0 0 0 0 0 0 0 0 0 0 0 0 0 0 0 0 0 0 0 0 0 0 0 0 0 0 0 0 0 0 0 0 0 0 0 0
0 0 0 0 0 0 0 0 0 0 0 0 0 0 0 0 0 0 0 0 0 0 0 0
##$SHL_GCOCOEFFS3= (0..59)
0 0 0 0 0 0 0 0 0 0 0 0 0 0 0 0 0 0 0 0 0 0 0 0 0 0 0 0 0 0 0 0 0 0 0 0
0 0 0 0 0 0 0 0 0 0 0 0 0 0 0 0 0 0 0 0 0 0 0 0
##$SHL_GCOCOEFFS4= (0..59)
0 0 0 0 0 0 0 0 0 0 0 0 0 0 0 0 0 0 0 0 0 0 0 0 0 0 0 0 0 0 0 0 0 0 0 0
0 0 0 0 0 0 0 0 0 0 0 0 0 0 0 0 0 0 0 0 0 0 0 0
##$SHL_GCOCOEFFS5= (0..59)
0 0 0 0 0 0 0 0 0 0 0 0 0 0 0 0 0 0 0 0 0 0 0 0 0 0 0 0 0 0 0 0 0 0 0 0
0 0 0 0 0 0 0 0 0 0 0 0 0 0 0 0 0 0 0 0 0 0 0 0
##$SHL_GCOCOEFFS6= (0..59)
0 0 0 0 0 0 0 0 0 0 0 0 0 0 0 0 0 0 0 0 0 0 0 0 0 0 0 0 0 0 0 0 0 0 0 0
0 0 0 0 0 0 0 0 0 0 0 0 0 0 0 0 0 0 0 0 0 0 0 0
##$SHL_GCOCOEFFS7= (0..59)
0 0 0 0 0 0 0 0 0 0 0 0 0 0 0 0 0 0 0 0 0 0 0 0 0 0 0 0 0 0 0 0 0 0 0 0
0 0 0 0 0 0 0 0 0 0 0 0 0 0 0 0 0 0 0 0 0 0 0 0
##$SHL_GCOCOEFFS8= (0..59)
0 0 0 0 0 0 0 0 0 0 0 0 0 0 0 0 0 0 0 0 0 0 0 0 0 0 0 0 0 0 0 0 0 0 0 0
0 0 0 0 0 0 0 0 0 0 0 0 0 0 0 0 0 0 0 0 0 0 0 0
##$SHL_GCOCOEFFS9= (0..59)
0 0 0 0 0 0 0 0 0 0 0 0 0 0 0 0 0 0 0 0 0 0 0 0 0 0 0 0 0 0 0 0 0 0 0 0
0 0 0 0 0 0 0 0 0 0 0 0 0 0 0 0 0 0 0 0 0 0 0 0
##$SHL_INTEGFAC= (0..15)
0.11209982 0 0 0 0 0 0 0 0 0 0 0 0 0 0 0
##$SHL_LB= (0..15)
0 0 0 0 0 0 0 0 0 0 0 0 0 0 0 0
##$SHL_LEFTLIMIT= (0..15)
0 0 0 0 0 0 0 0 0 0 0 0 0 0 0 0
##$SHL_LENGTH= (0..15)
50 0 0 0 0 0 0 0 0 0 0 0 0 0 0 0
##$SHL_MAN= (0..15)
<> <> <> <> <> <> <> <> <> <> <> <> <> <> <> <>
##$SHL_MEANAMP= (0..15)
0 0 0 0 0 0 0 0 0 0 0 0 0 0 0 0
##$SHL_MODAMP= (0..15)
0 0 0 0 0 0 0 0 0 0 0 0 0 0 0 0
##$SHL_MODE= (0..15)
0 0 0 0 0 0 0 0 0 0 0 0 0 0 0 0
##$SHL_MODFREQ= (0..15)
0 0 0 0 0 0 0 0 0 0 0 0 0 0 0 0
##$SHL_MODPHASE= (0..15)
0 0 0 0 0 0 0 0 0 0 0 0 0 0 0 0
##$SHL_MODSCALE= (0..15)
0 0 0 0 0 0 0 0 0 0 0 0 0 0 0 0
##$SHL_MODSW= (0..15)
0 0 0 0 0 0 0 0 0 0 0 0 0 0 0 0
##$SHL_MODSWDIR= (0..15)
-1 -1 -1 -1 -1 -1 -1 -1 -1 -1 -1 -1 -1 -1 -1 -1
##$SHL_MU= (0..15)
0 0 0 0 0 0 0 0 0 0 0 0 0 0 0 0
##$SHL_NPOINTS= (0..15)
1000 0 0 0 0 0 0 0 0 0 0 0 0 0 0 0
##$SHL_OFFS= (0..15)
<> <> <> <> <> <> <> <> <> <> <> <> <> <> <> <>
##$SHL_OFFSCOEFF0= (0..95)
0 0 0 0 0 0 0 0 0 0 0 0 0 0 0 0 0 0 0 0 0 0 0 0 0 0 0 0 0 0 0 0 0 0 0 0
0 0 0 0 0 0 0 0 0 0 0 0 0 0 0 0 0 0 0 0 0 0 0 0 0 0 0 0 0 0 0 0 0 0 0 0
0 0 0 0 0 0 0 0 0 0 0 0 0 0 0 0 0 0 0 0 0 0 0 0
##$SHL_OFFSCOEFF1= (0..95)
0 0 0 0 0 0 0 0 0 0 0 0 0 0 0 0 0 0 0 0 0 0 0 0 0 0 0 0 0 0 0 0 0 0 0 0
0 0 0 0 0 0 0 0 0 0 0 0 0 0 0 0 0 0 0 0 0 0 0 0 0 0 0 0 0 0 0 0 0 0 0 0
0 0 0 0 0 0 0 0 0 0 0 0 0 0 0 0 0 0 0 0 0 0 0 0
##$SHL_OFFSCOEFF10= (0..95)
0 0 0 0 0 0 0 0 0 0 0 0 0 0 0 0 0 0 0 0 0 0 0 0 0 0 0 0 0 0 0 0 0 0 0 0
0 0 0 0 0 0 0 0 0 0 0 0 0 0 0 0 0 0 0 0 0 0 0 0 0 0 0 0 0 0 0 0 0 0 0 0
0 0 0 0 0 0 0 0 0 0 0 0 0 0 0 0 0 0 0 0 0 0 0 0
##$SHL_OFFSCOEFF11= (0..95)
0 0 0 0 0 0 0 0 0 0 0 0 0 0 0 0 0 0 0 0 0 0 0 0 0 0 0 0 0 0 0 0 0 0 0 0
0 0 0 0 0 0 0 0 0 0 0 0 0 0 0 0 0 0 0 0 0 0 0 0 0 0 0 0 0 0 0 0 0 0 0 0
0 0 0 0 0 0 0 0 0 0 0 0 0 0 0 0 0 0 0 0 0 0 0 0
##$SHL_OFFSCOEFF12= (0..95)
0 0 0 0 0 0 0 0 0 0 0 0 0 0 0 0 0 0 0 0 0 0 0 0 0 0 0 0 0 0 0 0 0 0 0 0
0 0 0 0 0 0 0 0 0 0 0 0 0 0 0 0 0 0 0 0 0 0 0 0 0 0 0 0 0 0 0 0 0 0 0 0
0 0 0 0 0 0 0 0 0 0 0 0 0 0 0 0 0 0 0 0 0 0 0 0
##$SHL_OFFSCOEFF13= (0..95)
0 0 0 0 0 0 0 0 0 0 0 0 0 0 0 0 0 0 0 0 0 0 0 0 0 0 0 0 0 0 0 0 0 0 0 0
0 0 0 0 0 0 0 0 0 0 0 0 0 0 0 0 0 0 0 0 0 0 0 0 0 0 0 0 0 0 0 0 0 0 0 0
0 0 0 0 0 0 0 0 0 0 0 0 0 0 0 0 0 0 0 0 0 0 0 0
##$SHL_OFFSCOEFF14= (0..95)
0 0 0 0 0 0 0 0 0 0 0 0 0 0 0 0 0 0 0 0 0 0 0 0 0 0 0 0 0 0 0 0 0 0 0 0
0 0 0 0 0 0 0 0 0 0 0 0 0 0 0 0 0 0 0 0 0 0 0 0 0 0 0 0 0 0 0 0 0 0 0 0
0 0 0 0 0 0 0 0 0 0 0 0 0 0 0 0 0 0 0 0 0 0 0 0
##$SHL_OFFSCOEFF15= (0..95)
0 0 0 0 0 0 0 0 0 0 0 0 0 0 0 0 0 0 0 0 0 0 0 0 0 0 0 0 0 0 0 0 0 0 0 0
0 0 0 0 0 0 0 0 0 0 0 0 0 0 0 0 0 0 0 0 0 0 0 0 0 0 0 0 0 0 0 0 0 0 0 0
0 0 0 0 0 0 0 0 0 0 0 0 0 0 0 0 0 0 0 0 0 0 0 0
##$SHL_OFFSCOEFF2= (0..95)
0 0 0 0 0 0 0 0 0 0 0 0 0 0 0 0 0 0 0 0 0 0 0 0 0 0 0 0 0 0 0 0 0 0 0 0
0 0 0 0 0 0 0 0 0 0 0 0 0 0 0 0 0 0 0 0 0 0 0 0 0 0 0 0 0 0 0 0 0 0 0 0
0 0 0 0 0 0 0 0 0 0 0 0 0 0 0 0 0 0 0 0 0 0 0 0
##$SHL_OFFSCOEFF3= (0..95)
0 0 0 0 0 0 0 0 0 0 0 0 0 0 0 0 0 0 0 0 0 0 0 0 0 0 0 0 0 0 0 0 0 0 0 0
0 0 0 0 0 0 0 0 0 0 0 0 0 0 0 0 0 0 0 0 0 0 0 0 0 0 0 0 0 0 0 0 0 0 0 0
0 0 0 0 0 0 0 0 0 0 0 0 0 0 0 0 0 0 0 0 0 0 0 0
##$SHL_OFFSCOEFF4= (0..95)
0 0 0 0 0 0 0 0 0 0 0 0 0 0 0 0 0 0 0 0 0 0 0 0 0 0 0 0 0 0 0 0 0 0 0 0
0 0 0 0 0 0 0 0 0 0 0 0 0 0 0 0 0 0 0 0 0 0 0 0 0 0 0 0 0 0 0 0 0 0 0 0
0 0 0 0 0 0 0 0 0 0 0 0 0 0 0 0 0 0 0 0 0 0 0 0
##$SHL_OFFSCOEFF5= (0..95)
0 0 0 0 0 0 0 0 0 0 0 0 0 0 0 0 0 0 0 0 0 0 0 0 0 0 0 0 0 0 0 0 0 0 0 0
0 0 0 0 0 0 0 0 0 0 0 0 0 0 0 0 0 0 0 0 0 0 0 0 0 0 0 0 0 0 0 0 0 0 0 0
0 0 0 0 0 0 0 0 0 0 0 0 0 0 0 0 0 0 0 0 0 0 0 0
##$SHL_OFFSCOEFF6= (0..95)
0 0 0 0 0 0 0 0 0 0 0 0 0 0 0 0 0 0 0 0 0 0 0 0 0 0 0 0 0 0 0 0 0 0 0 0
0 0 0 0 0 0 0 0 0 0 0 0 0 0 0 0 0 0 0 0 0 0 0 0 0 0 0 0 0 0 0 0 0 0 0 0
0 0 0 0 0 0 0 0 0 0 0 0 0 0 0 0 0 0 0 0 0 0 0 0
##$SHL_OFFSCOEFF7= (0..95)
0 0 0 0 0 0 0 0 0 0 0 0 0 0 0 0 0 0 0 0 0 0 0 0 0 0 0 0 0 0 0 0 0 0 0 0
0 0 0 0 0 0 0 0 0 0 0 0 0 0 0 0 0 0 0 0 0 0 0 0 0 0 0 0 0 0 0 0 0 0 0 0
0 0 0 0 0 0 0 0 0 0 0 0 0 0 0 0 0 0 0 0 0 0 0 0
##$SHL_OFFSCOEFF8= (0..95)
0 0 0 0 0 0 0 0 0 0 0 0 0 0 0 0 0 0 0 0 0 0 0 0 0 0 0 0 0 0 0 0 0 0 0 0
0 0 0 0 0 0 0 0 0 0 0 0 0 0 0 0 0 0 0 0 0 0 0 0 0 0 0 0 0 0 0 0 0 0 0 0
0 0 0 0 0 0 0 0 0 0 0 0 0 0 0 0 0 0 0 0 0 0 0 0
##$SHL_OFFSCOEFF9= (0..95)
0 0 0 0 0 0 0 0 0 0 0 0 0 0 0 0 0 0 0 0 0 0 0 0 0 0 0 0 0 0 0 0 0 0 0 0
0 0 0 0 0 0 0 0 0 0 0 0 0 0 0 0 0 0 0 0 0 0 0 0 0 0 0 0 0 0 0 0 0 0 0 0
0 0 0 0 0 0 0 0 0 0 0 0 0 0 0 0 0 0 0 0 0 0 0 0
##$SHL_PHASE= (0..15)
0 0 0 0 0 0 0 0 0 0 0 0 0 0 0 0
##$SHL_PHASEFAC= (0..15)
0 0 0 0 0 0 0 0 0 0 0 0 0 0 0 0
##$SHL_POWERINDEX= (0..15)
20 0 0 0 0 0 0 0 0 0 0 0 0 0 0 0
##$SHL_QUADCOEFF= (0..15)
0 0 0 0 0 0 0 0 0 0 0 0 0 0 0 0
##$SHL_RIGHTLIMIT= (0..15)
0 0 0 0 0 0 0 0 0 0 0 0 0 0 0 0
##$SHL_SCALEFACTOR= (0..15)
1 1 1 1 1 1 1 1 1 1 1 1 1 1 1 1
##$SHL_SF= (0..15)
<> <> <> <> <> <> <> <> <> <> <> <> <> <> <> <>
##$SHL_SFCOEFFS0= (0..200)
0 0 0 0 0 0 0 0 0 0 0 0 0 0 0 0 0 0 0 0 0 0 0 0 0 0 0 0 0 0 0 0 0 0 0 0
0 0 0 0 0 0 0 0 0 0 0 0 0 0 0 0 0 0 0 0 0 0 0 0 0 0 0 0 0 0 0 0 0 0 0 0
0 0 0 0 0 0 0 0 0 0 0 0 0 0 0 0 0 0 0 0 0 0 0 0 0 0 0 0 0 0 0 0 0 0 0 0
0 0 0 0 0 0 0 0 0 0 0 0 0 0 0 0 0 0 0 0 0 0 0 0 0 0 0 0 0 0 0 0 0 0 0 0
0 0 0 0 0 0 0 0 0 0 0 0 0 0 0 0 0 0 0 0 0 0 0 0 0 0 0 0 0 0 0 0 0 0 0 0
0 0 0 0 0 0 0 0 0 0 0 0 0 0 0 0 0 0 0 0 0
##$SHL_SFCOEFFS1= (0..200)
0 0 0 0 0 0 0 0 0 0 0 0 0 0 0 0 0 0 0 0 0 0 0 0 0 0 0 0 0 0 0 0 0 0 0 0
0 0 0 0 0 0 0 0 0 0 0 0 0 0 0 0 0 0 0 0 0 0 0 0 0 0 0 0 0 0 0 0 0 0 0 0
0 0 0 0 0 0 0 0 0 0 0 0 0 0 0 0 0 0 0 0 0 0 0 0 0 0 0 0 0 0 0 0 0 0 0 0
0 0 0 0 0 0 0 0 0 0 0 0 0 0 0 0 0 0 0 0 0 0 0 0 0 0 0 0 0 0 0 0 0 0 0 0
0 0 0 0 0 0 0 0 0 0 0 0 0 0 0 0 0 0 0 0 0 0 0 0 0 0 0 0 0 0 0 0 0 0 0 0
0 0 0 0 0 0 0 0 0 0 0 0 0 0 0 0 0 0 0 0 0
##$SHL_SFCOEFFS10= (0..200)
0 0 0 0 0 0 0 0 0 0 0 0 0 0 0 0 0 0 0 0 0 0 0 0 0 0 0 0 0 0 0 0 0 0 0 0
0 0 0 0 0 0 0 0 0 0 0 0 0 0 0 0 0 0 0 0 0 0 0 0 0 0 0 0 0 0 0 0 0 0 0 0
0 0 0 0 0 0 0 0 0 0 0 0 0 0 0 0 0 0 0 0 0 0 0 0 0 0 0 0 0 0 0 0 0 0 0 0
0 0 0 0 0 0 0 0 0 0 0 0 0 0 0 0 0 0 0 0 0 0 0 0 0 0 0 0 0 0 0 0 0 0 0 0
0 0 0 0 0 0 0 0 0 0 0 0 0 0 0 0 0 0 0 0 0 0 0 0 0 0 0 0 0 0 0 0 0 0 0 0
0 0 0 0 0 0 0 0 0 0 0 0 0 0 0 0 0 0 0 0 0
##$SHL_SFCOEFFS11= (0..200)
0 0 0 0 0 0 0 0 0 0 0 0 0 0 0 0 0 0 0 0 0 0 0 0 0 0 0 0 0 0 0 0 0 0 0 0
0 0 0 0 0 0 0 0 0 0 0 0 0 0 0 0 0 0 0 0 0 0 0 0 0 0 0 0 0 0 0 0 0 0 0 0
0 0 0 0 0 0 0 0 0 0 0 0 0 0 0 0 0 0 0 0 0 0 0 0 0 0 0 0 0 0 0 0 0 0 0 0
0 0 0 0 0 0 0 0 0 0 0 0 0 0 0 0 0 0 0 0 0 0 0 0 0 0 0 0 0 0 0 0 0 0 0 0
0 0 0 0 0 0 0 0 0 0 0 0 0 0 0 0 0 0 0 0 0 0 0 0 0 0 0 0 0 0 0 0 0 0 0 0
0 0 0 0 0 0 0 0 0 0 0 0 0 0 0 0 0 0 0 0 0
##$SHL_SFCOEFFS12= (0..200)
0 0 0 0 0 0 0 0 0 0 0 0 0 0 0 0 0 0 0 0 0 0 0 0 0 0 0 0 0 0 0 0 0 0 0 0
0 0 0 0 0 0 0 0 0 0 0 0 0 0 0 0 0 0 0 0 0 0 0 0 0 0 0 0 0 0 0 0 0 0 0 0
0 0 0 0 0 0 0 0 0 0 0 0 0 0 0 0 0 0 0 0 0 0 0 0 0 0 0 0 0 0 0 0 0 0 0 0
0 0 0 0 0 0 0 0 0 0 0 0 0 0 0 0 0 0 0 0 0 0 0 0 0 0 0 0 0 0 0 0 0 0 0 0
0 0 0 0 0 0 0 0 0 0 0 0 0 0 0 0 0 0 0 0 0 0 0 0 0 0 0 0 0 0 0 0 0 0 0 0
0 0 0 0 0 0 0 0 0 0 0 0 0 0 0 0 0 0 0 0 0
##$SHL_SFCOEFFS13= (0..200)
0 0 0 0 0 0 0 0 0 0 0 0 0 0 0 0 0 0 0 0 0 0 0 0 0 0 0 0 0 0 0 0 0 0 0 0
0 0 0 0 0 0 0 0 0 0 0 0 0 0 0 0 0 0 0 0 0 0 0 0 0 0 0 0 0 0 0 0 0 0 0 0
0 0 0 0 0 0 0 0 0 0 0 0 0 0 0 0 0 0 0 0 0 0 0 0 0 0 0 0 0 0 0 0 0 0 0 0
0 0 0 0 0 0 0 0 0 0 0 0 0 0 0 0 0 0 0 0 0 0 0 0 0 0 0 0 0 0 0 0 0 0 0 0
0 0 0 0 0 0 0 0 0 0 0 0 0 0 0 0 0 0 0 0 0 0 0 0 0 0 0 0 0 0 0 0 0 0 0 0
0 0 0 0 0 0 0 0 0 0 0 0 0 0 0 0 0 0 0 0 0
##$SHL_SFCOEFFS14= (0..200)
0 0 0 0 0 0 0 0 0 0 0 0 0 0 0 0 0 0 0 0 0 0 0 0 0 0 0 0 0 0 0 0 0 0 0 0
0 0 0 0 0 0 0 0 0 0 0 0 0 0 0 0 0 0 0 0 0 0 0 0 0 0 0 0 0 0 0 0 0 0 0 0
0 0 0 0 0 0 0 0 0 0 0 0 0 0 0 0 0 0 0 0 0 0 0 0 0 0 0 0 0 0 0 0 0 0 0 0
0 0 0 0 0 0 0 0 0 0 0 0 0 0 0 0 0 0 0 0 0 0 0 0 0 0 0 0 0 0 0 0 0 0 0 0
0 0 0 0 0 0 0 0 0 0 0 0 0 0 0 0 0 0 0 0 0 0 0 0 0 0 0 0 0 0 0 0 0 0 0 0
0 0 0 0 0 0 0 0 0 0 0 0 0 0 0 0 0 0 0 0 0
##$SHL_SFCOEFFS15= (0..200)
0 0 0 0 0 0 0 0 0 0 0 0 0 0 0 0 0 0 0 0 0 0 0 0 0 0 0 0 0 0 0 0 0 0 0 0
0 0 0 0 0 0 0 0 0 0 0 0 0 0 0 0 0 0 0 0 0 0 0 0 0 0 0 0 0 0 0 0 0 0 0 0
0 0 0 0 0 0 0 0 0 0 0 0 0 0 0 0 0 0 0 0 0 0 0 0 0 0 0 0 0 0 0 0 0 0 0 0
0 0 0 0 0 0 0 0 0 0 0 0 0 0 0 0 0 0 0 0 0 0 0 0 0 0 0 0 0 0 0 0 0 0 0 0
0 0 0 0 0 0 0 0 0 0 0 0 0 0 0 0 0 0 0 0 0 0 0 0 0 0 0 0 0 0 0 0 0 0 0 0
0 0 0 0 0 0 0 0 0 0 0 0 0 0 0 0 0 0 0 0 0
##$SHL_SFCOEFFS2= (0..200)
0 0 0 0 0 0 0 0 0 0 0 0 0 0 0 0 0 0 0 0 0 0 0 0 0 0 0 0 0 0 0 0 0 0 0 0
0 0 0 0 0 0 0 0 0 0 0 0 0 0 0 0 0 0 0 0 0 0 0 0 0 0 0 0 0 0 0 0 0 0 0 0
0 0 0 0 0 0 0 0 0 0 0 0 0 0 0 0 0 0 0 0 0 0 0 0 0 0 0 0 0 0 0 0 0 0 0 0
0 0 0 0 0 0 0 0 0 0 0 0 0 0 0 0 0 0 0 0 0 0 0 0 0 0 0 0 0 0 0 0 0 0 0 0
0 0 0 0 0 0 0 0 0 0 0 0 0 0 0 0 0 0 0 0 0 0 0 0 0 0 0 0 0 0 0 0 0 0 0 0
0 0 0 0 0 0 0 0 0 0 0 0 0 0 0 0 0 0 0 0 0
##$SHL_SFCOEFFS3= (0..200)
0 0 0 0 0 0 0 0 0 0 0 0 0 0 0 0 0 0 0 0 0 0 0 0 0 0 0 0 0 0 0 0 0 0 0 0
0 0 0 0 0 0 0 0 0 0 0 0 0 0 0 0 0 0 0 0 0 0 0 0 0 0 0 0 0 0 0 0 0 0 0 0
0 0 0 0 0 0 0 0 0 0 0 0 0 0 0 0 0 0 0 0 0 0 0 0 0 0 0 0 0 0 0 0 0 0 0 0
0 0 0 0 0 0 0 0 0 0 0 0 0 0 0 0 0 0 0 0 0 0 0 0 0 0 0 0 0 0 0 0 0 0 0 0
0 0 0 0 0 0 0 0 0 0 0 0 0 0 0 0 0 0 0 0 0 0 0 0 0 0 0 0 0 0 0 0 0 0 0 0
0 0 0 0 0 0 0 0 0 0 0 0 0 0 0 0 0 0 0 0 0
##$SHL_SFCOEFFS4= (0..200)
0 0 0 0 0 0 0 0 0 0 0 0 0 0 0 0 0 0 0 0 0 0 0 0 0 0 0 0 0 0 0 0 0 0 0 0
0 0 0 0 0 0 0 0 0 0 0 0 0 0 0 0 0 0 0 0 0 0 0 0 0 0 0 0 0 0 0 0 0 0 0 0
0 0 0 0 0 0 0 0 0 0 0 0 0 0 0 0 0 0 0 0 0 0 0 0 0 0 0 0 0 0 0 0 0 0 0 0
0 0 0 0 0 0 0 0 0 0 0 0 0 0 0 0 0 0 0 0 0 0 0 0 0 0 0 0 0 0 0 0 0 0 0 0
0 0 0 0 0 0 0 0 0 0 0 0 0 0 0 0 0 0 0 0 0 0 0 0 0 0 0 0 0 0 0 0 0 0 0 0
0 0 0 0 0 0 0 0 0 0 0 0 0 0 0 0 0 0 0 0 0
##$SHL_SFCOEFFS5= (0..200)
0 0 0 0 0 0 0 0 0 0 0 0 0 0 0 0 0 0 0 0 0 0 0 0 0 0 0 0 0 0 0 0 0 0 0 0
0 0 0 0 0 0 0 0 0 0 0 0 0 0 0 0 0 0 0 0 0 0 0 0 0 0 0 0 0 0 0 0 0 0 0 0
0 0 0 0 0 0 0 0 0 0 0 0 0 0 0 0 0 0 0 0 0 0 0 0 0 0 0 0 0 0 0 0 0 0 0 0
0 0 0 0 0 0 0 0 0 0 0 0 0 0 0 0 0 0 0 0 0 0 0 0 0 0 0 0 0 0 0 0 0 0 0 0
0 0 0 0 0 0 0 0 0 0 0 0 0 0 0 0 0 0 0 0 0 0 0 0 0 0 0 0 0 0 0 0 0 0 0 0
0 0 0 0 0 0 0 0 0 0 0 0 0 0 0 0 0 0 0 0 0
##$SHL_SFCOEFFS6= (0..200)
0 0 0 0 0 0 0 0 0 0 0 0 0 0 0 0 0 0 0 0 0 0 0 0 0 0 0 0 0 0 0 0 0 0 0 0
0 0 0 0 0 0 0 0 0 0 0 0 0 0 0 0 0 0 0 0 0 0 0 0 0 0 0 0 0 0 0 0 0 0 0 0
0 0 0 0 0 0 0 0 0 0 0 0 0 0 0 0 0 0 0 0 0 0 0 0 0 0 0 0 0 0 0 0 0 0 0 0
0 0 0 0 0 0 0 0 0 0 0 0 0 0 0 0 0 0 0 0 0 0 0 0 0 0 0 0 0 0 0 0 0 0 0 0
0 0 0 0 0 0 0 0 0 0 0 0 0 0 0 0 0 0 0 0 0 0 0 0 0 0 0 0 0 0 0 0 0 0 0 0
0 0 0 0 0 0 0 0 0 0 0 0 0 0 0 0 0 0 0 0 0
##$SHL_SFCOEFFS7= (0..200)
0 0 0 0 0 0 0 0 0 0 0 0 0 0 0 0 0 0 0 0 0 0 0 0 0 0 0 0 0 0 0 0 0 0 0 0
0 0 0 0 0 0 0 0 0 0 0 0 0 0 0 0 0 0 0 0 0 0 0 0 0 0 0 0 0 0 0 0 0 0 0 0
0 0 0 0 0 0 0 0 0 0 0 0 0 0 0 0 0 0 0 0 0 0 0 0 0 0 0 0 0 0 0 0 0 0 0 0
0 0 0 0 0 0 0 0 0 0 0 0 0 0 0 0 0 0 0 0 0 0 0 0 0 0 0 0 0 0 0 0 0 0 0 0
0 0 0 0 0 0 0 0 0 0 0 0 0 0 0 0 0 0 0 0 0 0 0 0 0 0 0 0 0 0 0 0 0 0 0 0
0 0 0 0 0 0 0 0 0 0 0 0 0 0 0 0 0 0 0 0 0
##$SHL_SFCOEFFS8= (0..200)
0 0 0 0 0 0 0 0 0 0 0 0 0 0 0 0 0 0 0 0 0 0 0 0 0 0 0 0 0 0 0 0 0 0 0 0
0 0 0 0 0 0 0 0 0 0 0 0 0 0 0 0 0 0 0 0 0 0 0 0 0 0 0 0 0 0 0 0 0 0 0 0
0 0 0 0 0 0 0 0 0 0 0 0 0 0 0 0 0 0 0 0 0 0 0 0 0 0 0 0 0 0 0 0 0 0 0 0
0 0 0 0 0 0 0 0 0 0 0 0 0 0 0 0 0 0 0 0 0 0 0 0 0 0 0 0 0 0 0 0 0 0 0 0
0 0 0 0 0 0 0 0 0 0 0 0 0 0 0 0 0 0 0 0 0 0 0 0 0 0 0 0 0 0 0 0 0 0 0 0
0 0 0 0 0 0 0 0 0 0 0 0 0 0 0 0 0 0 0 0 0
##$SHL_SFCOEFFS9= (0..200)
0 0 0 0 0 0 0 0 0 0 0 0 0 0 0 0 0 0 0 0 0 0 0 0 0 0 0 0 0 0 0 0 0 0 0 0
0 0 0 0 0 0 0 0 0 0 0 0 0 0 0 0 0 0 0 0 0 0 0 0 0 0 0 0 0 0 0 0 0 0 0 0
0 0 0 0 0 0 0 0 0 0 0 0 0 0 0 0 0 0 0 0 0 0 0 0 0 0 0 0 0 0 0 0 0 0 0 0
0 0 0 0 0 0 0 0 0 0 0 0 0 0 0 0 0 0 0 0 0 0 0 0 0 0 0 0 0 0 0 0 0 0 0 0
0 0 0 0 0 0 0 0 0 0 0 0 0 0 0 0 0 0 0 0 0 0 0 0 0 0 0 0 0 0 0 0 0 0 0 0
0 0 0 0 0 0 0 0 0 0 0 0 0 0 0 0 0 0 0 0 0
##$SHL_SMOOTHED= (0..15)
0 0 0 0 0 0 0 0 0 0 0 0 0 0 0 0
##$SHL_SMOOTHING= (0..15)
0 0 0 0 0 0 0 0 0 0 0 0 0 0 0 0
##$SHL_SPOAL= (0..15)
0 0 0 0 0 0 0 0 0 0 0 0 0 0 0 0
##$SHL_SPOFFS= (0..15)
0 0 0 0 0 0 0 0 0 0 0 0 0 0 0 0
##$SHL_SPOPH= (0..15)
0 0 0 0 0 0 0 0 0 0 0 0 0 0 0 0
##$SHL_STARTAMP= (0..15)
0 0 0 0 0 0 0 0 0 0 0 0 0 0 0 0
##$SHL_SW= (0..15)
500000 0 0 0 0 0 0 0 0 0 0 0 0 0 0 0
##$SHL_SWDIR= (0..15)
-1 -1 -1 -1 -1 -1 -1 -1 -1 -1 -1 -1 -1 -1 -1 -1
##$SHL_TANKAPPA= (0..15)
0 0 0 0 0 0 0 0 0 0 0 0 0 0 0 0
##$SHL_TOTROT= (0..15)
180 0 0 0 0 0 0 0 0 0 0 0 0 0 0 0
##$SHL_TRUNCLEV= (0..15)
0 0 0 0 0 0 0 0 0 0 0 0 0 0 0 0
##$SHL_TYPE= (0..15)
<Inversion> <> <> <> <> <> <> <> <> <> <> <> <> <> <> <>
##$SHL_WINDOWSIZE= (0..15)
0 0 0 0 0 0 0 0 0 0 0 0 0 0 0 0
##$SHL_ZETA= (0..15)
0 0 0 0 0 0 0 0 0 0 0 0 0 0 0 0
##NPOINTS= 1000
##XYPOINTS= (XY..XY)
0.000000, 42.751125
0.009889, 38.260125
0.039550, 33.778125
0.088966, 29.305125
0.158109, 24.841125
0.246939, 20.386125
0.355405, 15.940125
0.483446, 11.503125
0.630988, 7.075125
0.797946, 2.656125
0.984225, 358.246125
1.189719, 353.845125
1.414311, 349.453125
1.657873, 345.070125
1.920267, 340.696125
2.201344, 336.331125
2.500944, 331.975125
2.818898, 327.628125
3.155026, 323.290125
3.509140, 318.961125
3.881041, 314.641125
4.270518, 310.330125
4.677356, 306.028125
5.101327, 301.735125
5.542194, 297.451125
5.999714, 293.176125
6.473632, 288.910125
6.963688, 284.653125
7.469613, 280.405125
7.991127, 276.166125
8.527948, 271.936125
9.079782, 267.715125
9.646331, 263.503125
10.227288, 259.300125
10.822342, 255.106125
11.431172, 250.921125
12.053454, 246.745125
12.688859, 242.578125
13.337050, 238.420125
13.997685, 234.271125
14.670420, 230.131125
15.354904, 226.000125
16.050782, 221.878125
16.757696, 217.765125
17.475283, 213.661125
18.203178, 209.566125
18.941013, 205.480125
19.688415, 201.403125
20.445011, 197.335125
21.210426, 193.276125
21.984280, 189.226125
22.766196, 185.185125
23.555791, 181.153125
24.352686, 177.130125
25.156496, 173.116125
25.966841, 169.111125
26.783336, 165.115125
27.605601, 161.128125
28.433252, 157.150125
29.265909, 153.181125
30.103191, 149.221125
30.944720, 145.270125
31.790119, 141.328125
32.639012, 137.395125
33.491027, 133.471125
34.345793, 129.556125
35.202941, 125.650125
36.062108, 121.753125
36.922930, 117.865125
37.785049, 113.986125
38.648112, 110.116125
39.511765, 106.255125
40.375664, 102.403125
41.239464, 98.560125
42.102828, 94.726125
42.965422, 90.901125
43.826918, 87.085125
44.686992, 83.278125
45.545327, 79.480125
46.401608, 75.691125
47.255529, 71.911125
48.106789, 68.140125
48.955092, 64.378125
49.800148, 60.625125
50.641675, 56.881125
51.479394, 53.146125
52.313036, 49.420125
53.142336, 45.703125
53.967037, 41.995125
54.786888, 38.296125
55.601646, 34.606125
56.411072, 30.925125
57.214939, 27.253125
58.013021, 23.590125
58.805104, 19.936125
59.590980, 16.291125
60.370445, 12.655125
61.143307, 9.028125
61.909378, 5.410125
62.668479, 1.801125
63.420436, 358.201125
64.165086, 354.610125
64.902269, 351.028125
65.631837, 347.455125
66.353645, 343.891125
67.067557, 340.336125
67.773445, 336.790125
68.471187, 333.253125
69.160669, 329.725125
69.841784, 326.206125
70.514431, 322.696125
71.178517, 319.195125
71.833955, 315.703125
72.480667, 312.220125
73.118580, 308.746125
73.747628, 305.281125
74.367751, 301.825125
74.978898, 298.378125
75.581021, 294.940125
76.174080, 291.511125
76.758043, 288.091125
77.332881, 284.680125
77.898574, 281.278125
78.455105, 277.885125
79.002464, 274.501125
79.540649, 271.126125
80.069659, 267.760125
80.589503, 264.403125
81.100192, 261.055125
81.601745, 257.716125
82.094182, 254.386125
82.577533, 251.065125
83.051829, 247.753125
83.517106, 244.450125
83.973407, 241.156125
84.420777, 237.871125
84.859266, 234.595125
85.288928, 231.328125
85.709821, 228.070125
86.122006, 224.821125
86.525551, 221.581125
86.920522, 218.350125
87.306993, 215.128125
87.685039, 211.915125
88.054739, 208.711125
88.416174, 205.516125
88.769429, 202.330125
89.114591, 199.153125
89.451749, 195.985125
89.780995, 192.826125
90.102425, 189.676125
90.416133, 186.535125
90.722218, 183.403125
91.020780, 180.280125
91.311922, 177.166125
91.595746, 174.061125
91.872358, 170.965125
92.141864, 167.878125
92.404370, 164.800125
92.659987, 161.731125
92.908822, 158.671125
93.150987, 155.620125
93.386592, 152.578125
93.615750, 149.545125
93.838572, 146.521125
94.055171, 143.506125
94.265660, 140.500125
94.470152, 137.503125
94.668760, 134.515125
94.861598, 131.536125
95.048779, 128.566125
95.230415, 125.605125
95.406620, 122.653125
95.577506, 119.710125
95.743184, 116.776125
95.903767, 113.851125
96.059365, 110.935125
96.210088, 108.028125
96.356046, 105.130125
96.497349, 102.241125
96.634102, 99.361125
96.766415, 96.490125
96.894392, 93.628125
97.018139, 90.775125
97.137759, 87.931125
97.253356, 85.096125
97.365031, 82.270125
97.472885, 79.453125
97.577016, 76.645125
97.677523, 73.846125
97.774502, 71.056125
97.868049, 68.275125
97.958257, 65.503125
98.045219, 62.740125
98.129025, 59.986125
98.209766, 57.241125
98.287529, 54.505125
98.362400, 51.778125
98.434466, 49.060125
98.503808, 46.351125
98.570510, 43.651125
98.634651, 40.960125
98.696310, 38.278125
98.755565, 35.605125
98.812490, 32.941125
98.867161, 30.286125
98.919649, 27.640125
98.970026, 25.003125
99.018361, 22.375125
99.064721, 19.756125
99.109173, 17.146125
99.151781, 14.545125
99.192608, 11.953125
99.231717, 9.370125
99.269166, 6.796125
99.305015, 4.231125
99.339320, 1.675125
99.372137, 359.128125
99.403520, 356.590125
99.433521, 354.061125
99.462192, 351.541125
99.489582, 349.030125
99.515739, 346.528125
99.540711, 344.035125
99.564542, 341.551125
99.587278, 339.076125
99.608961, 336.610125
99.629632, 334.153125
99.649331, 331.705125
99.668099, 329.266125
99.685972, 326.836125
99.702987, 324.415125
99.719179, 322.003125
99.734584, 319.600125
99.749233, 317.206125
99.763158, 314.821125
99.776392, 312.445125
99.788963, 310.078125
99.800900, 307.720125
99.812231, 305.371125
99.822983, 303.031125
99.833181, 300.700125
99.842851, 298.378125
99.852016, 296.065125
99.860699, 293.761125
99.868923, 291.466125
99.876709, 289.180125
99.884077, 286.903125
99.891047, 284.635125
99.897638, 282.376125
99.903868, 280.126125
99.909755, 277.885125
99.915315, 275.653125
99.920565, 273.430125
99.925519, 271.216125
99.930192, 269.011125
99.934599, 266.815125
99.938753, 264.628125
99.942667, 262.450125
99.946354, 260.281125
99.949824, 258.121125
99.953089, 255.970125
99.956161, 253.828125
99.959049, 251.695125
99.961764, 249.571125
99.964314, 247.456125
99.966708, 245.350125
99.968956, 243.253125
99.971064, 241.165125
99.973042, 239.086125
99.974895, 237.016125
99.976632, 234.955125
99.978259, 232.903125
99.979781, 230.860125
99.981206, 228.826125
99.982538, 226.801125
99.983784, 224.785125
99.984948, 222.778125
99.986035, 220.780125
99.987050, 218.791125
99.987996, 216.811125
99.988879, 214.840125
99.989702, 212.878125
99.990469, 210.925125
99.991184, 208.981125
99.991848, 207.046125
99.992467, 205.120125
99.993042, 203.203125
99.993576, 201.295125
99.994073, 199.396125
99.994534, 197.506125
99.994962, 195.625125
99.995359, 193.753125
99.995726, 191.890125
99.996067, 190.036125
99.996383, 188.191125
99.996675, 186.355125
99.996945, 184.528125
99.997195, 182.710125
99.997426, 180.901125
99.997639, 179.101125
99.997836, 177.310125
99.998017, 175.528125
99.998185, 173.755125
99.998339, 171.991125
99.998481, 170.236125
99.998612, 168.490125
99.998732, 166.753125
99.998842, 165.025125
99.998944, 163.306125
99.999037, 161.596125
99.999123, 159.895125
99.999201, 158.203125
99.999273, 156.520125
99.999339, 154.846125
99.999399, 153.181125
99.999454, 151.525125
99.999505, 149.878125
99.999551, 148.240125
99.999593, 146.611125
99.999631, 144.991125
99.999666, 143.380125
99.999698, 141.778125
99.999727, 140.185125
99.999754, 138.601125
99.999778, 137.026125
99.999799, 135.460125
99.999819, 133.903125
99.999837, 132.355125
99.999853, 130.816125
99.999868, 129.286125
99.999882, 127.765125
99.999894, 126.253125
99.999905, 124.750125
99.999915, 123.256125
99.999923, 121.771125
99.999931, 120.295125
99.999939, 118.828125
99.999945, 117.370125
99.999951, 115.921125
99.999956, 114.481125
99.999961, 113.050125
99.999965, 111.628125
99.999969, 110.215125
99.999973, 108.811125
99.999976, 107.416125
99.999978, 106.030125
99.999981, 104.653125
99.999983, 103.285125
99.999985, 101.926125
99.999987, 100.576125
99.999988, 99.235125
99.999990, 97.903125
99.999991, 96.580125
99.999992, 95.266125
99.999993, 93.961125
99.999994, 92.665125
99.999995, 91.378125
99.999995, 90.100125
99.999996, 88.831125
99.999996, 87.571125
99.999997, 86.320125
99.999997, 85.078125
99.999998, 83.845125
99.999998, 82.621125
99.999998, 81.406125
99.999998, 80.200125
99.999999, 79.003125
99.999999, 77.815125
99.999999, 76.636125
99.999999, 75.466125
99.999999, 74.305125
99.999999, 73.153125
99.999999, 72.010125
100.000000, 70.876125
100.000000, 69.751125
100.000000, 68.635125
100.000000, 67.528125
100.000000, 66.430125
100.000000, 65.341125
100.000000, 64.261125
100.000000, 63.190125
100.000000, 62.128125
100.000000, 61.075125
100.000000, 60.031125
100.000000, 58.996125
100.000000, 57.970125
100.000000, 56.953125
100.000000, 55.945125
100.000000, 54.946125
100.000000, 53.956125
100.000000, 52.975125
100.000000, 52.003125
100.000000, 51.040125
100.000000, 50.086125
100.000000, 49.141125
100.000000, 48.205125
100.000000, 47.278125
100.000000, 46.360125
100.000000, 45.451125
100.000000, 44.551125
100.000000, 43.660125
100.000000, 42.778125
100.000000, 41.905125
100.000000, 41.041125
100.000000, 40.186125
100.000000, 39.340125
100.000000, 38.503125
100.000000, 37.675125
100.000000, 36.856125
100.000000, 36.046125
100.000000, 35.245125
100.000000, 34.453125
100.000000, 33.670125
100.000000, 32.896125
100.000000, 32.131125
100.000000, 31.375125
100.000000, 30.628125
100.000000, 29.890125
100.000000, 29.161125
100.000000, 28.441125
100.000000, 27.730125
100.000000, 27.028125
100.000000, 26.335125
100.000000, 25.651125
100.000000, 24.976125
100.000000, 24.310125
100.000000, 23.653125
100.000000, 23.005125
100.000000, 22.366125
100.000000, 21.736125
100.000000, 21.115125
100.000000, 20.503125
100.000000, 19.900125
100.000000, 19.306125
100.000000, 18.721125
100.000000, 18.145125
100.000000, 17.578125
100.000000, 17.020125
100.000000, 16.471125
100.000000, 15.931125
100.000000, 15.400125
100.000000, 14.878125
100.000000, 14.365125
100.000000, 13.861125
100.000000, 13.366125
100.000000, 12.880125
100.000000, 12.403125
100.000000, 11.935125
100.000000, 11.476125
100.000000, 11.026125
100.000000, 10.585125
100.000000, 10.153125
100.000000, 9.730125
100.000000, 9.316125
100.000000, 8.911125
100.000000, 8.515125
100.000000, 8.128125
100.000000, 7.750125
100.000000, 7.381125
100.000000, 7.021125
100.000000, 6.670125
100.000000, 6.328125
100.000000, 5.995125
100.000000, 5.671125
100.000000, 5.356125
100.000000, 5.050125
100.000000, 4.753125
100.000000, 4.465125
100.000000, 4.186125
100.000000, 3.916125
100.000000, 3.655125
100.000000, 3.403125
100.000000, 3.160125
100.000000, 2.926125
100.000000, 2.701125
100.000000, 2.485125
100.000000, 2.278125
100.000000, 2.080125
100.000000, 1.891125
100.000000, 1.711125
100.000000, 1.540125
100.000000, 1.378125
100.000000, 1.225125
100.000000, 1.081125
100.000000, 0.946125
100.000000, 0.820125
100.000000, 0.703125
100.000000, 0.595125
100.000000, 0.496125
100.000000, 0.406125
100.000000, 0.325125
100.000000, 0.253125
100.000000, 0.190125
100.000000, 0.136125
100.000000, 0.091125
100.000000, 0.055125
100.000000, 0.028125
100.000000, 0.010125
100.000000, 0.001125
100.000000, 0.001125
100.000000, 0.010125
100.000000, 0.028125
100.000000, 0.055125
100.000000, 0.091125
100.000000, 0.136125
100.000000, 0.190125
100.000000, 0.253125
100.000000, 0.325125
100.000000, 0.406125
100.000000, 0.496125
100.000000, 0.595125
100.000000, 0.703125
100.000000, 0.820125
100.000000, 0.946125
100.000000, 1.081125
100.000000, 1.225125
100.000000, 1.378125
100.000000, 1.540125
100.000000, 1.711125
100.000000, 1.891125
100.000000, 2.080125
100.000000, 2.278125
100.000000, 2.485125
100.000000, 2.701125
100.000000, 2.926125
100.000000, 3.160125
100.000000, 3.403125
100.000000, 3.655125
100.000000, 3.916125
100.000000, 4.186125
100.000000, 4.465125
100.000000, 4.753125
100.000000, 5.050125
100.000000, 5.356125
100.000000, 5.671125
100.000000, 5.995125
100.000000, 6.328125
100.000000, 6.670125
100.000000, 7.021125
100.000000, 7.381125
100.000000, 7.750125
100.000000, 8.128125
100.000000, 8.515125
100.000000, 8.911125
100.000000, 9.316125
100.000000, 9.730125
100.000000, 10.153125
100.000000, 10.585125
100.000000, 11.026125
100.000000, 11.476125
100.000000, 11.935125
100.000000, 12.403125
100.000000, 12.880125
100.000000, 13.366125
100.000000, 13.861125
100.000000, 14.365125
100.000000, 14.878125
100.000000, 15.400125
100.000000, 15.931125
100.000000, 16.471125
100.000000, 17.020125
100.000000, 17.578125
100.000000, 18.145125
100.000000, 18.721125
100.000000, 19.306125
100.000000, 19.900125
100.000000, 20.503125
100.000000, 21.115125
100.000000, 21.736125
100.000000, 22.366125
100.000000, 23.005125
100.000000, 23.653125
100.000000, 24.310125
100.000000, 24.976125
100.000000, 25.651125
100.000000, 26.335125
100.000000, 27.028125
100.000000, 27.730125
100.000000, 28.441125
100.000000, 29.161125
100.000000, 29.890125
100.000000, 30.628125
100.000000, 31.375125
100.000000, 32.131125
100.000000, 32.896125
100.000000, 33.670125
100.000000, 34.453125
100.000000, 35.245125
100.000000, 36.046125
100.000000, 36.856125
100.000000, 37.675125
100.000000, 38.503125
100.000000, 39.340125
100.000000, 40.186125
100.000000, 41.041125
100.000000, 41.905125
100.000000, 42.778125
100.000000, 43.660125
100.000000, 44.551125
100.000000, 45.451125
100.000000, 46.360125
100.000000, 47.278125
100.000000, 48.205125
100.000000, 49.141125
100.000000, 50.086125
100.000000, 51.040125
100.000000, 52.003125
100.000000, 52.975125
100.000000, 53.956125
100.000000, 54.946125
100.000000, 55.945125
100.000000, 56.953125
100.000000, 57.970125
100.000000, 58.996125
100.000000, 60.031125
100.000000, 61.075125
100.000000, 62.128125
100.000000, 63.190125
100.000000, 64.261125
100.000000, 65.341125
100.000000, 66.430125
100.000000, 67.528125
100.000000, 68.635125
100.000000, 69.751125
100.000000, 70.876125
99.999999, 72.010125
99.999999, 73.153125
99.999999, 74.305125
99.999999, 75.466125
99.999999, 76.636125
99.999999, 77.815125
99.999999, 79.003125
99.999998, 80.200125
99.999998, 81.406125
99.999998, 82.621125
99.999998, 83.845125
99.999997, 85.078125
99.999997, 86.320125
99.999996, 87.571125
99.999996, 88.831125
99.999995, 90.100125
99.999995, 91.378125
99.999994, 92.665125
99.999993, 93.961125
99.999992, 95.266125
99.999991, 96.580125
99.999990, 97.903125
99.999988, 99.235125
99.999987, 100.576125
99.999985, 101.926125
99.999983, 103.285125
99.999981, 104.653125
99.999978, 106.030125
99.999976, 107.416125
99.999973, 108.811125
99.999969, 110.215125
99.999965, 111.628125
99.999961, 113.050125
99.999956, 114.481125
99.999951, 115.921125
99.999945, 117.370125
99.999939, 118.828125
99.999931, 120.295125
99.999923, 121.771125
99.999915, 123.256125
99.999905, 124.750125
99.999894, 126.253125
99.999882, 127.765125
99.999868, 129.286125
99.999853, 130.816125
99.999837, 132.355125
99.999819, 133.903125
99.999799, 135.460125
99.999778, 137.026125
99.999754, 138.601125
99.999727, 140.185125
99.999698, 141.778125
99.999666, 143.380125
99.999631, 144.991125
99.999593, 146.611125
99.999551, 148.240125
99.999505, 149.878125
99.999454, 151.525125
99.999399, 153.181125
99.999339, 154.846125
99.999273, 156.520125
99.999201, 158.203125
99.999123, 159.895125
99.999037, 161.596125
99.998944, 163.306125
99.998842, 165.025125
99.998732, 166.753125
99.998612, 168.490125
99.998481, 170.236125
99.998339, 171.991125
99.998185, 173.755125
99.998017, 175.528125
99.997836, 177.310125
99.997639, 179.101125
99.997426, 180.901125
99.997195, 182.710125
99.996945, 184.528125
99.996675, 186.355125
99.996383, 188.191125
99.996067, 190.036125
99.995726, 191.890125
99.995359, 193.753125
99.994962, 195.625125
99.994534, 197.506125
99.994073, 199.396125
99.993576, 201.295125
99.993042, 203.203125
99.992467, 205.120125
99.991848, 207.046125
99.991184, 208.981125
99.990469, 210.925125
99.989702, 212.878125
99.988879, 214.840125
99.987996, 216.811125
99.987050, 218.791125
99.986035, 220.780125
99.984948, 222.778125
99.983784, 224.785125
99.982538, 226.801125
99.981206, 228.826125
99.979781, 230.860125
99.978259, 232.903125
99.976632, 234.955125
99.974895, 237.016125
99.973042, 239.086125
99.971064, 241.165125
99.968956, 243.253125
99.966708, 245.350125
99.964314, 247.456125
99.961764, 249.571125
99.959049, 251.695125
99.956161, 253.828125
99.953089, 255.970125
99.949824, 258.121125
99.946354, 260.281125
99.942667, 262.450125
99.938753, 264.628125
99.934599, 266.815125
99.930192, 269.011125
99.925519, 271.216125
99.920565, 273.430125
99.915315, 275.653125
99.909755, 277.885125
99.903868, 280.126125
99.897638, 282.376125
99.891047, 284.635125
99.884077, 286.903125
99.876709, 289.180125
99.868923, 291.466125
99.860699, 293.761125
99.852016, 296.065125
99.842851, 298.378125
99.833181, 300.700125
99.822983, 303.031125
99.812231, 305.371125
99.800900, 307.720125
99.788963, 310.078125
99.776392, 312.445125
99.763158, 314.821125
99.749233, 317.206125
99.734584, 319.600125
99.719179, 322.003125
99.702987, 324.415125
99.685972, 326.836125
99.668099, 329.266125
99.649331, 331.705125
99.629632, 334.153125
99.608961, 336.610125
99.587278, 339.076125
99.564542, 341.551125
99.540711, 344.035125
99.515739, 346.528125
99.489582, 349.030125
99.462192, 351.541125
99.433521, 354.061125
99.403520, 356.590125
99.372137, 359.128125
99.339320, 1.675125
99.305015, 4.231125
99.269166, 6.796125
99.231717, 9.370125
99.192608, 11.953125
99.151781, 14.545125
99.109173, 17.146125
99.064721, 19.756125
99.018361, 22.375125
98.970026, 25.003125
98.919649, 27.640125
98.867161, 30.286125
98.812490, 32.941125
98.755565, 35.605125
98.696310, 38.278125
98.634651, 40.960125
98.570510, 43.651125
98.503808, 46.351125
98.434466, 49.060125
98.362400, 51.778125
98.287529, 54.505125
98.209766, 57.241125
98.129025, 59.986125
98.045219, 62.740125
97.958257, 65.503125
97.868049, 68.275125
97.774502, 71.056125
97.677523, 73.846125
97.577016, 76.645125
97.472885, 79.453125
97.365031, 82.270125
97.253356, 85.096125
97.137759, 87.931125
97.018139, 90.775125
96.894392, 93.628125
96.766415, 96.490125
96.634102, 99.361125
96.497349, 102.241125
96.356046, 105.130125
96.210088, 108.028125
96.059365, 110.935125
95.903767, 113.851125
95.743184, 116.776125
95.577506, 119.710125
95.406620, 122.653125
95.230415, 125.605125
95.048779, 128.566125
94.861598, 131.536125
94.668760, 134.515125
94.470152, 137.503125
94.265660, 140.500125
94.055171, 143.506125
93.838572, 146.521125
93.615750, 149.545125
93.386592, 152.578125
93.150987, 155.620125
92.908822, 158.671125
92.659987, 161.731125
92.404370, 164.800125
92.141864, 167.878125
91.872358, 170.965125
91.595746, 174.061125
91.311922, 177.166125
91.020780, 180.280125
90.722218, 183.403125
90.416133, 186.535125
90.102425, 189.676125
89.780995, 192.826125
89.451749, 195.985125
89.114591, 199.153125
88.769429, 202.330125
88.416174, 205.516125
88.054739, 208.711125
87.685039, 211.915125
87.306993, 215.128125
86.920522, 218.350125
86.525551, 221.581125
86.122006, 224.821125
85.709821, 228.070125
85.288928, 231.328125
84.859266, 234.595125
84.420777, 237.871125
83.973407, 241.156125
83.517106, 244.450125
83.051829, 247.753125
82.577533, 251.065125
82.094182, 254.386125
81.601745, 257.716125
81.100192, 261.055125
80.589503, 264.403125
80.069659, 267.760125
79.540649, 271.126125
79.002464, 274.501125
78.455105, 277.885125
77.898574, 281.278125
77.332881, 284.680125
76.758043, 288.091125
76.174080, 291.511125
75.581021, 294.940125
74.978898, 298.378125
74.367751, 301.825125
73.747628, 305.281125
73.118580, 308.746125
72.480667, 312.220125
71.833955, 315.703125
71.178517, 319.195125
70.514431, 322.696125
69.841784, 326.206125
69.160669, 329.725125
68.471187, 333.253125
67.773445, 336.790125
67.067557, 340.336125
66.353645, 343.891125
65.631837, 347.455125
64.902269, 351.028125
64.165086, 354.610125
63.420436, 358.201125
62.668479, 1.801125
61.909378, 5.410125
61.143307, 9.028125
60.370445, 12.655125
59.590980, 16.291125
58.805104, 19.936125
58.013021, 23.590125
57.214939, 27.253125
56.411072, 30.925125
55.601646, 34.606125
54.786888, 38.296125
53.967037, 41.995125
53.142336, 45.703125
52.313036, 49.420125
51.479394, 53.146125
50.641675, 56.881125
49.800148, 60.625125
48.955092, 64.378125
48.106789, 68.140125
47.255529, 71.911125
46.401608, 75.691125
45.545327, 79.480125
44.686992, 83.278125
43.826918, 87.085125
42.965422, 90.901125
42.102828, 94.726125
41.239464, 98.560125
40.375664, 102.403125
39.511765, 106.255125
38.648112, 110.116125
37.785049, 113.986125
36.922930, 117.865125
36.062108, 121.753125
35.202941, 125.650125
34.345793, 129.556125
33.491027, 133.471125
32.639012, 137.395125
31.790119, 141.328125
30.944720, 145.270125
30.103191, 149.221125
29.265909, 153.181125
28.433252, 157.150125
27.605601, 161.128125
26.783336, 165.115125
25.966841, 169.111125
25.156496, 173.116125
24.352686, 177.130125
23.555791, 181.153125
22.766196, 185.185125
21.984280, 189.226125
21.210426, 193.276125
20.445011, 197.335125
19.688415, 201.403125
18.941013, 205.480125
18.203178, 209.566125
17.475283, 213.661125
16.757696, 217.765125
16.050782, 221.878125
15.354904, 226.000125
14.670420, 230.131125
13.997685, 234.271125
13.337050, 238.420125
12.688859, 242.578125
12.053454, 246.745125
11.431172, 250.921125
10.822342, 255.106125
10.227288, 259.300125
9.646331, 263.503125
9.079782, 267.715125
8.527948, 271.936125
7.991127, 276.166125
7.469613, 280.405125
6.963688, 284.653125
6.473632, 288.910125
5.999714, 293.176125
5.542194, 297.451125
5.101327, 301.735125
4.677356, 306.028125
4.270518, 310.330125
3.881041, 314.641125
3.509140, 318.961125
3.155026, 323.290125
2.818898, 327.628125
2.500944, 331.975125
2.201344, 336.331125
1.920267, 340.696125
1.657873, 345.070125
1.414311, 349.453125
1.189719, 353.845125
0.984225, 358.246125
0.797946, 2.656125
0.630988, 7.075125
0.483446, 11.503125
0.355405, 15.940125
0.246939, 20.386125
0.158109, 24.841125
0.088966, 29.305125
0.039550, 33.778125
0.009889, 38.260125
0.000000, 42.751125
##END=
