
Report of AU program poptau
# Start time: 2022-05-10 13:00:58.848 -0400

Number of experiments: 61
total experiment time will be: 10 min 10 sec

F1P=35.389ppm F2P=-47.784ppm
PH_mode=1  FT_mod=6


PROCNO=997

Linear optimization of PLW 2 in 61 steps, as Step: Group 1
starting at 0.100000000   endval= 1.300000000  
OPTIMUM= ZERO
VARMOD= LIN

Experiment      PLW 2         Maximum point   Minimum point       Integral
     1       0.100000000000       343659836        -1542740      44291222.629630
     2       0.120000000000       245487854        -1876146      38765541.518519
     3       0.140000000000       261489779        -3270478      41056081.133333
     4       0.160000000000       273436653        -1792290      41391536.037037
     5       0.180000000000       282944501        -2154411      42422775.237037
     6       0.200000000000       274223505          266140      41241885.551852
     7       0.220000000000       273301838         -469267      39688437.831482
     8       0.240000000000       263495893        -1580515      38282793.159259
     9       0.260000000000       227038754         -628526      32796708.874074
    10       0.280000000000       198963993         -954860      27710239.050000
    11       0.300000000000       178723295        -4187673      22026728.327778
    12       0.320000000000       121721218        -1629536      15330045.779630
    13       0.340000000000        67284288        -1216441      10323359.688889
    14       0.360000000000        87598443        -3308541       8709118.370370
    15       0.380000000000       107811962        -4199757      10748760.825926
    16       0.400000000000       112792561         -759538      14793718.155556
    17       0.420000000000       134784655        -3059965      18069578.038889
    18       0.440000000000       150642480        -2790393      20510463.587037
    19       0.460000000000       159878632        -1946014      23200999.005556
    20       0.480000000000       178874027        -3827072      25159399.514815
    21       0.500000000000       187426222        -2065743      28354753.761111
    22       0.520000000000       196653236        -2396289      28639880.738889
    23       0.540000000000       197786089        -2419331      29230905.829630
    24       0.560000000000       198458915        -2164730      29877111.694444
    25       0.580000000000       197129733        -1365138      29737550.125926
    26       0.600000000000       197907797        -2605504      31425099.738889
    27       0.620000000000       200011328        -2062296      32123270.851852
    28       0.640000000000       199854775        -2796608      31982741.253704
    29       0.660000000000       200294648        -3029773      32435672.401852
    30       0.680000000000       197802294        -2794239      31489516.129630
    31       0.700000000000       192759408        -1175650      31137985.422222
    32       0.720000000000       195675178        -1628490      30179613.233333
    33       0.740000000000       205390529        -2074189      30554361.675926
    34       0.760000000000       191515875         -945414      29795478.561111
    35       0.780000000000       183642304        -2183530      29291460.675926
    36       0.800000000000       186684474        -1987684      28785416.935185
    37       0.820000000000       202728618         -972013      29000739.037037
    38       0.840000000000       214376503         -966741      29115745.733333
    39       0.860000000000       204621753        -1495361      28451101.655556
    40       0.880000000000       189420526        -1537176      28845843.081481
    41       0.900000000000       197555072        -1070195      30849864.798148
    42       0.920000000000       195435967        -1033218      30169606.479630
    43       0.940000000000       218469706        -1858762      32087086.444444
    44       0.960000000000       217268865        -1750740      33065549.468518
    45       0.980000000000       217415115        -3509680      32953422.970370
    46       1.000000000000       227756334         -520444      34558773.688889
    47       1.020000000000       228135292        -1026205      34308613.072222
    48       1.040000000000       234032095        -3056371      34504017.155556
    49       1.060000000000       232722796        -2259367      34885125.811111
    50       1.080000000000       232268410        -1615750      35030596.792593
    51       1.100000000000       229519800        -1912823      33762973.509259
    52       1.120000000000       229670695        -1948133      33860725.224074
    53       1.140000000000       224942517        -1477602      33027102.033333
    54       1.160000000000       237902438        -1700435      33470683.948148
    55       1.180000000000       225177258        -1341946      32399999.998148
    56       1.200000000000       227402753        -1069538      31724485.974074
    57       1.220000000000       221406433        -2528414      30822612.820370
    58       1.240000000000       216042127        -2373457      29325438.551852
    59       1.260000000000       197876547        -1439235      26212241.307407
    60       1.280000000000       173196614        -3031789      24077747.894444
    61       1.300000000000       150834171        -1748995      20570312.744444
poptau for PLW 2 finished.
ZERO : No zero crossing found.  

